4	482	4	631.7
4.1	446	4.1	635.8
4.2	523	4.2	639.9
4.3	513	4.3	656.8
4.4	517	4.4	672.8
4.5	514	4.5	689.2
4.6	516	4.6	694.2
4.7	500	4.7	689.2
4.8	513	4.8	680.2
4.9	497	4.9	674.1
5	545	5	675.8
5.1	476	5.1	658.6
5.2	510	5.2	641.1
5.3	481	5.3	611.5
5.4	475	5.4	597.2
5.5	427	5.5	584.9
5.6	446	5.6	587
5.7	437	5.7	558.2
5.8	422	5.8	553.5
5.9	376	5.9	515.6
6	402	6	517.2
6.1	448	6.1	509
6.2	530	6.2	628
6.3	744	6.3	911.8
6.4	740	6.4	959.3
6.5	541	6.5	789
6.6	453	6.6	603.4
6.7	379	6.7	494.4
6.8	379	6.8	429.8
6.9	377	6.9	442
7	732	7	639.7
7.1	1428	7.1	1478.7
7.2	1441	7.2	1926.8
7.3	1065	7.3	1623.1
7.4	670	7.4	1011.5
7.5	511	7.5	603.3
7.6	403	7.6	418.6
7.7	284	7.7	344.6
7.8	311	7.8	320.8
7.9	258	7.9	319.5
8	268	8	310.5
8.1	281	8.1	304.4
8.2	271	8.2	291
8.3	272	8.3	285
8.4	260	8.4	274.8
8.5	262	8.5	268.9
8.6	235	8.6	263.7
8.7	248	8.7	258
8.8	217	8.8	239
8.9	222	8.9	232.2
9	212	9	228
9.1	189	9.1	216.3
9.2	169	9.2	206.4
9.3	187	9.3	195
9.4	186	9.4	184.1
9.5	145	9.5	176.1
9.6	167	9.6	164.4
9.7	172	9.7	154.5
9.8	139	9.8	154.8
9.9	120	9.9	138.3
10	152	10	140.3
10.1	124	10.1	136.9
10.2	136	10.2	124.4
10.3	99	10.3	123.4
10.4	109	10.4	124.4
10.5	100	10.5	117.9
10.6	95	10.6	115.4
10.7	102	10.7	111.3
10.8	107	10.8	106.9
10.9	106	10.9	114.6
11	94	11	120.4
11.1	102	11.1	111.8
11.2	95	11.2	108.6
11.3	92	11.3	106.6
11.4	82	11.4	106.9
11.5	113	11.5	102.9
11.6	88	11.6	103.3
11.7	91	11.7	103.6
11.8	90	11.8	103.3
11.9	110	11.9	98.6
12	85	12	97.5
12.1	97	12.1	98.2
12.2	87	12.2	97.3
12.3	82	12.3	96.4
12.4	79	12.4	95.4
12.5	95	12.5	98.9
12.6	126	12.6	107.5
12.7	140	12.7	132.8
12.8	200	12.8	178
12.9	178	12.9	232.6
13	148	13	203.3
13.1	100	13.1	140.8
13.2	102	13.2	104
13.3	77	13.3	94.5
13.4	84	13.4	91.1
13.5	85	13.5	89.2
13.6	98	13.6	89.1
13.7	68	13.7	89.9
13.8	82	13.8	82.5
13.9	91	13.9	89.7
14	89	14	85.7
14.1	60	14.1	75.6
14.2	85	14.2	81.4
14.3	152	14.3	98.6
14.4	318	14.4	209.8
14.5	487	14.5	441.8
14.6	430	14.6	541.1
14.7	263	14.7	415.6
14.8	139	14.8	214.7
14.9	86	14.9	105.4
15	81	15	83.2
15.1	73	15.1	74.1
15.2	61	15.2	71.9
15.3	60	15.3	71.8
15.4	72	15.4	69.5
15.5	55	15.5	65
15.6	45	15.6	63.5
15.7	57	15.7	63.7
15.8	55	15.8	66.4
15.9	63	15.9	60.8
16	61	16	55
16.1	52	16.1	60.1
16.2	64	16.2	58.1
16.3	59	16.3	59.2
16.4	48	16.4	57.6
16.5	57	16.5	55
16.6	54	16.6	53.2
16.7	48	16.7	55.7
16.8	49	16.8	50.4
16.9	44	16.9	47.8
17	44	17	53.1
17.1	41	17.1	46.4
17.2	45	17.2	46.8
17.3	56	17.3	48.1
17.4	50	17.4	47.1
17.5	37	17.5	44.2
17.6	47	17.6	48.2
17.7	40	17.7	43.7
17.8	44	17.8	43.5
17.9	38	17.9	43.2
18	42	18	44.4
18.1	43	18.1	45.5
18.2	39	18.2	39
18.3	38	18.3	44.2
18.4	30	18.4	43
18.5	40	18.5	36.5
18.6	38	18.6	39.5
18.7	38	18.7	35.7
18.8	32	18.8	37.6
18.9	32	18.9	37.7
19	30	19	39.4
19.1	33	19.1	36.2
19.2	42	19.2	37.9
19.3	44	19.3	38.8
19.4	52	19.4	43.6
19.5	59	19.5	54.1
19.6	46	19.6	67.9
19.7	44	19.7	58.4
19.8	47	19.8	38.3
19.9	25	19.9	33.5
20	27	20	34.1
20.1	39	20.1	29
20.2	16	20.2	29.3
20.3	30	20.3	31.4
20.4	25	20.4	29.6
20.5	28	20.5	29.7
20.6	23	20.6	28
20.7	29	20.7	26.9
20.8	28	20.8	27.3
20.9	29	20.9	28.6
21	37	21	30.4
21.1	20	21.1	26.7
21.2	28	21.2	24.9
21.3	25	21.3	25.7
21.4	26	21.4	25.8
21.5	29	21.5	26
21.6	32	21.6	26.9
21.7	15	21.7	25.8
21.8	31	21.8	26.5
21.9	67	21.9	37.2
22	84	22	75.1
22.1	120	22.1	125.8
22.2	101	22.2	129
22.3	48	22.3	90.8
22.4	31	22.4	52.1
22.5	32	22.5	33.5
22.6	35	22.6	26.1
22.7	29	22.7	25.3
22.8	27	22.8	24.8
22.9	27	22.9	23.4
23	15	23	23.1
23.1	16	23.1	24.3
23.2	18	23.2	18.7
23.3	17	23.3	20.1
23.4	27	23.4	20.3
23.5	21	23.5	21.7
23.6	11	23.6	21.6
23.7	27	23.7	21.3
23.8	18	23.8	19.2
23.9	12	23.9	18.8
24	27	24	18.4
			
			
			
			
			
			
			
			
			
			
			
			
			
			
			
			
			
			
			
			
			
			
			
			
			
			
			
			
			
			
			
			
			
			
			
			
			
			
			
			
			
			
			
			
			
			
			
			
			
			
			
			
			
			
			
			
			
			
			
			
			
			
			
			
			
			
			
			
			
			
			
			
			
			
			
			
			
			
			
			
			
			
			
			
			
			
			
			
			
			
			
			
			
			
			
			
			
			
			
			