4	26	4	22.9
4.1	26	4.1	27.7
4.2	29	4.2	29.1
4.3	34	4.3	30.5
4.4	24	4.4	33.6
4.5	37	4.5	34.6
4.6	51	4.6	42.2
4.7	55	4.7	52
4.8	68	4.8	69.4
4.9	90	4.9	74.8
5	95	5	96
5.1	89	5.1	108.5
5.2	131	5.2	123.7
5.3	150	5.3	127.5
5.4	121	5.4	130.5
5.5	119	5.5	146.6
5.6	141	5.6	151.8
5.7	131	5.7	158.4
5.8	158	5.8	160.2
5.9	158	5.9	166.2
6	173	6	178.9
6.1	189	6.1	172.6
6.2	184	6.2	189.3
6.3	183	6.3	175.2
6.4	193	6.4	199.7
6.5	209	6.5	194.5
6.6	195	6.6	194.7
6.7	215	6.7	201.9
6.8	196	6.8	206.4
6.9	188	6.9	203.2
7	199	7	212.1
7.1	213	7.1	207.6
7.2	189	7.2	215.8
7.3	203	7.3	215
7.4	209	7.4	212.9
7.5	212	7.5	212.3
7.6	208	7.6	216.4
7.7	210	7.7	211.7
7.8	207	7.8	211.8
7.9	204	7.9	220.8
8	220	8	209
8.1	217	8.1	205.8
8.2	182	8.2	208.4
8.3	192	8.3	218.2
8.4	229	8.4	232.9
8.5	268	8.5	265.3
8.6	328	8.6	334.6
8.7	406	8.7	422.7
8.8	367	8.8	415.6
8.9	262	8.9	291.2
9	222	9	235.3
9.1	209	9.1	220.7
9.2	215	9.2	214.3
9.3	214	9.3	210.2
9.4	216	9.4	223.1
9.5	230	9.5	253.5
9.6	306	9.6	317
9.7	453	9.7	452.2
9.8	908	9.8	924.5
9.9	1105	9.9	1158.7
10	770	10	829
10.1	391	10.1	412.6
10.2	289	10.2	277.3
10.3	194	10.3	213.3
10.4	202	10.4	193.7
10.5	179	10.5	179.6
10.6	206	10.6	175.6
10.7	173	10.7	174.2
10.8	156	10.8	170
10.9	166	10.9	168.2
11	151	11	166.6
11.1	148	11.1	162.5
11.2	139	11.2	156.2
11.3	139	11.3	151
11.4	126	11.4	150.5
11.5	142	11.5	147.5
11.6	140	11.6	139
11.7	148	11.7	141.3
11.8	136	11.8	141.2
11.9	116	11.9	141
12	115	12	142.2
12.1	134	12.1	136.7
12.2	123	12.2	129
12.3	124	12.3	135.6
12.4	141	12.4	122.9
12.5	128	12.5	116.6
12.6	112	12.6	127.4
12.7	110	12.7	122.9
12.8	110	12.8	115.8
12.9	101	12.9	112
13	106	13	103.7
13.1	94	13.1	105.8
13.2	88	13.2	100.1
13.3	94	13.3	97.7
13.4	94	13.4	94.4
13.5	80	13.5	97.2
13.6	101	13.6	98.8
13.7	90	13.7	90.7
13.8	84	13.8	90.3
13.9	94	13.9	90.6
14	81	14	91.4
14.1	70	14.1	90.8
14.2	86	14.2	85.8
14.3	83	14.3	91.6
14.4	89	14.4	86.4
14.5	87	14.5	84
14.6	78	14.6	84.1
14.7	74	14.7	83.8
14.8	75	14.8	81.5
14.9	85	14.9	79.4
15	62	15	74.7
15.1	82	15.1	78.6
15.2	83	15.2	82.7
15.3	87	15.3	77
15.4	73	15.4	83
15.5	76	15.5	76.7
15.6	71	15.6	81.3
15.7	74	15.7	73.4
15.8	85	15.8	76.6
15.9	72	15.9	73.6
16	73	16	78.7
16.1	91	16.1	76.4
16.2	61	16.2	73.2
16.3	74	16.3	73.9
16.4	63	16.4	73.4
16.5	65	16.5	73.5
16.6	60	16.6	73.7
16.7	63	16.7	70.7
16.8	73	16.8	71.6
16.9	81	16.9	66.9
17	70	17	73.5
17.1	66	17.1	69.4
17.2	81	17.2	72
17.3	80	17.3	73.3
17.4	63	17.4	75.1
17.5	80	17.5	70.6
17.6	82	17.6	82.8
17.7	67	17.7	87.8
17.8	96	17.8	94.5
17.9	102	17.9	105.3
18	105	18	111.6
18.1	72	18.1	93.5
18.2	79	18.2	77.2
18.3	71	18.3	75.2
18.4	72	18.4	74.4
18.5	60	18.5	68.3
18.6	71	18.6	68.3
18.7	68	18.7	73.1
18.8	76	18.8	72.8
18.9	87	18.9	70
19	71	19	63
19.1	79	19.1	71.1
19.2	58	19.2	67.7
19.3	69	19.3	63.8
19.4	59	19.4	67.5
19.5	69	19.5	68.5
19.6	62	19.6	68
19.7	62	19.7	71.6
19.8	61	19.8	68.6
19.9	69	19.9	80.7
20	93	20	98.4
20.1	131	20.1	113
20.2	176	20.2	168.8
20.3	215	20.3	232.8
20.4	191	20.4	235.8
20.5	124	20.5	168.7
20.6	75	20.6	101
20.7	79	20.7	74.3
20.8	65	20.8	66.2
20.9	56	20.9	62.1
21	57	21	61.3
21.1	64	21.1	59.7
21.2	68	21.2	59
21.3	54	21.3	59.1
21.4	37	21.4	60.5
21.5	44	21.5	59.7
21.6	68	21.6	56.7
21.7	48	21.7	54.1
21.8	55	21.8	58.4
21.9	49	21.9	54.1
22	50	22	54.7
22.1	45	22.1	54.4
22.2	47	22.2	51.7
22.3	56	22.3	58.1
22.4	64	22.4	56
22.5	65	22.5	53.9
22.6	45	22.6	54
22.7	45	22.7	54.7
22.8	36	22.8	53.6
22.9	37	22.9	53.8
23	49	23	49.9
23.1	44	23.1	49.2
23.2	47	23.2	50.5
23.3	63	23.3	49.7
23.4	34	23.4	49.2
23.5	40	23.5	45.6
23.6	41	23.6	51.6
23.7	48	23.7	46.1
23.8	52	23.8	52.4
23.9	35	23.9	48.4
24	32	24	45.1
24.1	31	24.1	46.7
24.2	44	24.2	48.8
24.3	43	24.3	46.7
24.4	50	24.4	51
24.5	43	24.5	45.9
24.6	41	24.6	46.7
24.7	45	24.7	46.5
24.8	53	24.8	44.4
24.9	38	24.9	47.6
25	36	25	45
25.1	47	25.1	45.3
25.2	42	25.2	43.1
25.3	39	25.3	42.9
25.4	51	25.4	43.2
25.5	50	25.5	43.1
25.6	40	25.6	45.9
25.7	36	25.7	42.1
25.8	51	25.8	41.9
25.9	39	25.9	40.6
26	49	26	44.9
26.1	43	26.1	40.3
26.2	33	26.2	41.3
26.3	47	26.3	42.2
26.4	40	26.4	43.9
26.5	29	26.5	43.5
26.6	47	26.6	45.4
26.7	49	26.7	38.3
26.8	36	26.8	41.6
26.9	42	26.9	40.5
27	51	27	41.1
27.1	45	27.1	41.3
27.2	34	27.2	39.3
27.3	43	27.3	38
27.4	43	27.4	39.5
27.5	46	27.5	43
27.6	52	27.6	46.5
27.7	31	27.7	49.2
27.8	46	27.8	47.6
27.9	40	27.9	42.2
28	49	28	40
28.1	42	28.1	39
28.2	49	28.2	36.6
28.3	34	28.3	36.1
28.4	33	28.4	38.5
28.5	50	28.5	34.3
28.6	34	28.6	36.7
28.7	39	28.7	38
28.8	25	28.8	37.4
28.9	26	28.9	36.7
29	34	29	34.4
29.1	39	29.1	38.3
29.2	40	29.2	33.8
29.3	29	29.3	33.6
29.4	24	29.4	33.9
29.5	42	29.5	38.3
29.6	35	29.6	34.7
29.7	47	29.7	35.9
29.8	32	29.8	32.7
29.9	26	29.9	32.9
30	39	30	38.8
30.1	21	30.1	35.4
30.2	35	30.2	35.6
30.3	38	30.3	33.7
30.4	41	30.4	35.9
30.5	32	30.5	34.4
30.6	31	30.6	33
30.7	35	30.7	34.1
30.8	31	30.8	33.7
30.9	38	30.9	34.2
31	26	31	34
31.1	43	31.1	36.4
31.2	35	31.2	36.8
31.3	49	31.3	46.2
31.4	64	31.4	50.5
31.5	81	31.5	61.6
31.6	67	31.6	66.2
31.7	48	31.7	68.4
31.8	46	31.8	51.9
31.9	52	31.9	46.4
32	31	32	33.6
32.1	32	32.1	35.7
32.2	34	32.2	32.1
32.3	36	32.3	31.9
32.4	35	32.4	30.4
32.5	30	32.5	28
32.6	39	32.6	32.2
32.7	28	32.7	30.3
32.8	27	32.8	29.4
32.9	34	32.9	29.8
33	31	33	32.2
33.1	27	33.1	31
33.2	31	33.2	29.8
33.3	35	33.3	28.4
33.4	32	33.4	33.3
33.5	26	33.5	26.8
33.6	26	33.6	28.6
33.7	23	33.7	31.5
33.8	35	33.8	24.7
33.9	21	33.9	29
34	35	34	30.4