_H:	|batch	|epoch	%avg_sse	%cnt_err	%avg_ext_rew	%avg_cycles	%epoch_time_tot	%epoch_time_usr
_D:	0	0	1.63416	96	0	53.14	3.23	3
_D:	0	1	1.56115	94	0	50.83	2.89	2.71
_D:	0	2	1.53866	90	0	50.98	3.03	2.83
_D:	0	3	1.4016	85	0	53.26	3.04	2.85
_D:	0	4	1.37168	79	0	52.5	2.96	2.76
_D:	0	5	1.45706	88	0	54.27	3.04	2.85
_D:	0	6	1.36439	81	0	54.89	3.01	2.81
_D:	0	7	1.16754	70	0	54.06	2.94	2.74
_D:	0	8	1.16934	68	0	53.95	2.87	2.67
_D:	0	9	0.991139	58	0	53.31	2.83	2.65
_D:	0	10	0.886269	52	0	53.17	2.84	2.66
_D:	0	11	0.930754	54	0	53.24	3	2.79
_D:	0	12	0.971399	58	0	53.17	2.99	2.78
_D:	0	13	0.959935	55	0	52.43	2.93	2.74
_D:	0	14	0.836537	48	0	52.69	2.94	2.76
_D:	0	15	0.611456	34	0	52.64	3.2	2.93
_D:	0	16	0.754341	44	0	52.11	2.9	2.72
_D:	0	17	0.4575	28	0	51.63	2.88	2.7
_D:	0	18	0.576317	34	0	52.93	3.01	2.79
_D:	0	19	0.610047	36	0	51.66	3.11	2.85
_D:	0	20	0.817539	44	0	53.41	2.88	2.71
_D:	0	21	0.484586	28	0	52.78	2.84	2.67
_D:	0	22	0.699456	40	0	53.27	2.92	2.73
_D:	0	23	0.376307	22	0	51.81	3.36	2.97
_D:	0	24	0.313643	18	0	51.55	2.94	2.74
_D:	0	25	0.432768	23	0	52.07	2.9	2.7
_D:	0	26	0.400411	23	0	51.41	3.1	2.81
_D:	0	27	0.289028	16	0	51.48	2.83	2.66
_D:	0	28	0.229423	13	0	51.5	2.82	2.65
_D:	0	29	0.284451	16	0	51.63	2.83	2.65
_D:	0	30	0.285396	16	0	51.89	2.82	2.64
_D:	0	31	0.281328	15	0	51.85	2.84	2.66
_D:	0	32	0.409134	22	0	52.65	2.89	2.7
_D:	0	33	0.234887	13	0	52.09	3.09	2.85
_D:	0	34	0.290573	16	0	51.76	3.23	2.94
_D:	0	35	0.242581	14	0	51.91	2.96	2.75
_D:	0	36	0.127812	7	0	51.19	3.09	2.84
_D:	0	37	0.0922317	5	0	51.32	2.94	2.73
_D:	0	38	0.182494	10	0	52.36	2.86	2.67
_D:	0	39	0.140936	8	0	51.77	2.84	2.66
_D:	0	40	0.0370741	2	0	51.11	2.82	2.64
_D:	0	41	0	0	0	50.92	3.06	2.81
_D:	0	0	1.62383	98	0	52.52	3.01	2.79
_D:	0	1	1.48356	89	0	50.7	2.89	2.65
_D:	0	2	1.58826	93	0	52.7	3.1	2.83
_D:	0	3	1.52673	91	0	53.22	2.84	2.65
_D:	0	4	1.39319	82	0	54.36	2.84	2.66
_D:	0	5	1.29509	77	0	52.9	2.76	2.58
_D:	0	6	1.23922	70	0	53.3	2.76	2.58
_D:	0	7	1.08141	64	0	53.94	2.77	2.58
_D:	0	8	1.1503	65	0	52.64	2.72	2.54
_D:	0	9	1.06817	64	0	53.49	2.77	2.59
_D:	0	10	0.935934	58	0	52.38	2.69	2.51
_D:	0	11	0.829599	49	0	53.4	2.7	2.52
_D:	0	12	0.842582	51	0	51.66	2.61	2.45
_D:	0	13	0.968027	55	0	51.75	2.63	2.46
_D:	0	14	0.996954	58	0	52.08	2.66	2.49
_D:	0	15	0.870575	50	0	51.88	2.9	2.62
_D:	0	16	0.83045	50	0	51.76	2.77	2.54
_D:	0	17	0.762774	42	0	52.56	2.71	2.51
_D:	0	18	0.722037	44	0	52.29	2.66	2.48
_D:	0	19	0.70386	40	0	51.04	2.6	2.42
_D:	0	20	0.414262	24	0	51.35	2.6	2.42
_D:	0	21	0.673625	39	0	51.93	2.64	2.46
_D:	0	22	0.413126	23	0	51.01	2.59	2.41
_D:	0	23	0.593256	33	0	51.03	2.6	2.43
_D:	0	24	0.431514	25	0	49.93	2.55	2.38
_D:	0	25	0.73331	40	0	51.37	2.6	2.42
_D:	0	26	0.552125	30	0	50.41	2.56	2.38
_D:	0	27	0.279819	16	0	49.09	2.54	2.37
_D:	0	28	0.276598	15	0	50.05	2.59	2.41
_D:	0	29	0.355551	20	0	50.32	2.57	2.4
_D:	0	30	0.575177	33	0	50.41	2.63	2.45
_D:	0	31	0.403952	22	0	50.71	2.7	2.5
_D:	0	32	0.537546	28	0	51.84	2.78	2.57
_D:	0	33	0.343409	19	0	50.02	2.95	2.68
_D:	0	34	0.480756	26	0	51.92	2.79	2.58
_D:	0	35	0.478201	27	0	50.79	2.57	2.39
_D:	0	36	0.576907	32	0	51.33	2.59	2.42
_D:	0	37	0.643732	35	0	51.92	2.8	2.55
_D:	0	38	0.305155	17	0	50.8	2.72	2.51
_D:	0	39	0.196507	10	0	50.04	2.57	2.4
_D:	0	40	0.36661	21	0	50.46	2.65	2.46
_D:	0	41	0.160974	9	0	49.82	2.85	2.55
_D:	0	42	0.180021	10	0	49.5	2.68	2.46
_D:	0	43	0.107797	6	0	49.53	2.52	2.36
_D:	0	44	0.295432	17	0	50.02	2.54	2.38
_D:	0	45	0.237916	13	0	50.03	2.53	2.37
_D:	0	46	0.226764	13	0	50.09	2.54	2.37
_D:	0	47	0.325315	18	0	50.18	2.59	2.41
_D:	0	48	0.543496	28	0	51.5	2.64	2.46
_D:	0	49	0.284232	16	0	50.83	2.64	2.43
_D:	0	50	0.232973	13	0	50.94	2.55	2.38
_D:	0	51	0.273861	15	0	51.06	2.66	2.45
_D:	0	52	0.162334	9	0	50.11	2.68	2.45
_D:	0	53	0.20062	11	0	50.21	2.54	2.36
_D:	0	54	0.218859	12	0	49.69	2.52	2.35
_D:	0	55	0.266733	15	0	50.75	2.63	2.44
_D:	0	56	0.239132	13	0	51.1	2.56	2.38
_D:	0	57	0.146784	8	0	50.01	2.53	2.37
_D:	0	58	0.380681	21	0	51.23	2.56	2.38
_D:	0	59	0.252236	14	0	51.21	2.56	2.39
_D:	0	60	0.339574	17	0	50.98	2.57	2.39
_D:	0	61	0.286543	15	0	50.58	2.53	2.36
_D:	0	62	0.311835	17	0	50.62	2.54	2.37
_D:	0	63	0.429431	22	0	51.52	2.58	2.41
_D:	0	64	0.331637	17	0	51.07	2.55	2.39
_D:	0	65	0.184208	10	0	50.6	2.53	2.37
_D:	0	66	0.0923654	5	0	49.73	2.52	2.36
_D:	0	67	0.0739304	4	0	50	2.53	2.36
_D:	0	68	0.0545997	3	0	49.73	2.51	2.34
_D:	0	69	0.0131079	1	0	49.42	2.52	2.35
_D:	0	70	0	0	0	49.57	2.51	2.34
_D:	0	0	1.32785	97	0	38.42	2.23	2.05
_D:	0	1	1.30048	94	0	39.64	2.13	1.97
_D:	0	2	1.29296	94	0	39.14	1.98	1.84
_D:	0	3	1.27675	95	0	37.91	2.15	1.86
_D:	0	4	1.42912	95	0	37.06	1.95	1.75
_D:	0	5	1.456	95	0	37.96	1.88	1.73
_D:	0	6	1.38975	94	0	38.94	1.76	1.63
_D:	0	7	1.36534	94	0	40.51	1.79	1.66
_D:	0	8	1.30756	94	0	41.89	1.81	1.68
_D:	0	9	1.30519	97	0	42.77	1.81	1.68
_D:	0	10	1.24157	96	0	44.07	1.83	1.71
_D:	0	11	1.18897	95	0	44.41	1.83	1.71
_D:	0	12	1.20755	98	0	44.25	1.82	1.7
_D:	0	13	1.16458	99	0	44.11	1.81	1.69
_D:	0	14	1.16563	99	0	43.98	1.85	1.7
_D:	0	15	1.15852	99	0	43.95	1.91	1.77
_D:	0	16	1.1361	98	0	43.89	2.52	2.2
_D:	0	17	1.13601	98	0	43.87	314.64	17.25
_D:	0	18	1.14036	98	0	43.86	1.8	1.66
_D:	0	19	1.15052	99	0	43.86	1.77	1.66
_D:	0	20	1.12325	98	0	43.83	1.78	1.66
_D:	0	21	1.14649	99	0	43.83	1.79	1.66
_D:	0	22	1.14356	99	0	43.83	1.79	1.66
_D:	0	23	1.12144	98	0	43.83	1.8	1.67
_D:	0	24	1.13966	99	0	43.83	1.81	1.67
_D:	0	25	1.13762	99	0	43.83	1.85	1.69
_D:	0	26	1.14073	99	0	43.83	1.8	1.66
_D:	0	27	1.14497	99	0	43.83	1.8	1.67
_D:	0	28	1.12053	98	0	43.83	2.13	1.88
_D:	0	29	1.12598	98	0	43.83	1.92	1.75
_D:	0	30	1.14933	100	0	43.83	1.85	1.71
_D:	0	31	1.11573	98	0	43.83	1.88	1.73
_D:	0	32	1.1074	98	0	43.83	1.98	1.79
_D:	0	33	1.14608	100	0	43.83	1.93	1.76
_D:	0	34	1.14765	100	0	43.83	1.98	1.79
_D:	0	35	1.1068	98	0	43.83	2.14	1.92
_D:	0	36	1.13235	99	0	43.83	1.97	1.8
_D:	0	37	1.12718	99	0	43.83	1.8	1.66
_D:	0	38	1.10073	100	0	43.83	2.05	1.85
_D:	0	39	1.12908	99	0	43.83	1.93	1.76
_D:	0	40	1.09013	100	0	43.83	1.79	1.67
_D:	0	41	1.05311	99	0	43.83	1.86	1.71
_D:	0	42	0.970694	100	0	43.83	1.97	1.81
_D:	0	43	0.96979	100	0	43.83	1.92	1.75
_D:	0	44	0.971172	100	0	43.83	1.85	1.71
_D:	0	45	0.969302	100	0	43.83	2.09	1.9
_D:	0	46	0.968215	100	0	43.83	1.99	1.83
_D:	0	47	0.967468	100	0	43.83	2.3	2.02
_D:	0	48	0.969304	100	0	43.83	1.99	1.82
_D:	0	49	0.96689	100	0	43.83	2.08	1.88
_D:	0	50	0.969138	100	0	43.83	2.13	1.91
_D:	0	51	0.968451	100	0	43.83	1.99	1.81
_D:	0	52	0.965624	100	0	43.83	1.96	1.74
_D:	0	53	0.966894	100	0	43.83	1.87	1.72
_D:	0	54	0.967199	100	0	43.83	1.79	1.67
_D:	0	55	0.968587	100	0	43.83	1.79	1.66
_D:	0	56	0.9675	100	0	43.83	1.8	1.67
_D:	0	57	0.966862	100	0	43.83	1.86	1.68
_D:	0	58	0.966854	100	0	43.83	1.87	1.71
_D:	0	59	0.965829	100	0	43.83	2	1.8
_D:	0	60	0.967803	100	0	43.83	1.83	1.69
_D:	0	61	0.966378	100	0	43.83	1.85	1.72
_D:	0	62	0.965999	100	0	43.83	1.78	1.66
_D:	0	63	0.967415	100	0	43.83	1.82	1.69
_D:	0	64	0.966985	100	0	43.83	1.81	1.67
_D:	0	65	0.967242	100	0	43.83	1.81	1.67
_D:	0	66	0.966463	100	0	43.83	1.94	1.72
_D:	0	67	0.967011	100	0	43.83	2.2	1.98
_D:	0	68	0.966176	100	0	43.83	1.98	1.8
_D:	0	69	0.967186	100	0	43.83	1.81	1.68
_D:	0	70	0.966106	100	0	43.83	1.79	1.66
_D:	0	71	0.978174	100	0	43.83	1.79	1.65
_D:	0	72	0.966431	100	0	43.83	1.8	1.67
_D:	0	73	0.969635	100	0	43.83	1.78	1.65
_D:	0	74	0.965613	100	0	43.81	1.79	1.66
_D:	0	75	0.966566	100	0	43.83	1.81	1.68
_D:	0	76	0.965527	100	0	43.63	1.84	1.7
_D:	0	77	0.967117	100	0	43.79	2.05	1.87
_D:	0	78	0.966047	100	0	43.75	1.81	1.68
_D:	0	79	0.966642	100	0	42.6	1.75	1.62
_D:	0	80	0.966585	100	0	43.83	1.79	1.66
_D:	0	81	0.965585	100	0	43.83	1.82	1.68
_D:	0	82	0.966687	100	0	43.83	1.8	1.67
_D:	0	83	0.966806	100	0	42.85	1.81	1.67
_D:	0	84	0.965563	100	0	41.35	1.86	1.68
_D:	0	85	0.965955	100	0	43.83	1.8	1.66
_D:	0	86	0.965087	100	0	43.83	1.81	1.68
_D:	0	87	0.965955	100	0	43.27	1.83	1.68
_D:	0	88	0.966256	100	0	43.83	1.81	1.68
_D:	0	89	0.965944	100	0	43.6	1.81	1.67
_D:	0	90	0.965844	100	0	42.95	2.24	1.96
_D:	0	91	0.965953	100	0	43.61	2.38	2.04
_D:	0	92	0.965717	100	0	43.83	11.89	8.12
_D:	0	93	0.964446	100	0	43.31	11.87	8.06
_D:	0	94	0.964994	100	0	43.27	9.93	5.63
_D:	0	95	0.965777	100	0	43.83	1.84	1.7
_D:	0	96	0.965949	100	0	43.56	1.91	1.74
_D:	0	97	0.965384	100	0	41.27	1.73	1.6
_D:	0	98	0.965452	100	0	43.55	1.77	1.65
_D:	0	99	0.964848	100	0	43.11	1.76	1.63
