_H:	|batch	|epoch	%avg_sse	%cnt_err	%avg_ext_rew	%avg_cycles	%epoch_time_tot	%epoch_time_usr	%fsa_err_sum
_D:	3	0	0.960609	99	0	58.247	7.42	7.25	55
_D:	3	1	0.819129	80	0	56.747	7.12	6.94	21
_D:	3	2	0.929834	102	0	55.6	8.01	7.87	27
_D:	3	3	0.890568	95	0	54.0474	7.53	7.4	28
_D:	3	4	1.0358	103	0	53.6236	7.24	7.14	26
_D:	3	5	0.851569	84	0	54.0337	7.06	6.96	17
_D:	3	6	0.898531	101	0	52.5941	8.03	7.9	18
_D:	3	7	0.871753	98	0	52.6485	7.73	7.61	17
_D:	3	8	0.829315	85	0	52.2198	7.09	6.97	6
_D:	3	9	0.809665	82	0	52.7527	6.86	6.73	3
_D:	3	10	0.937308	90	0	50.1353	6.44	6.37	3
_D:	3	11	0.70098	67	0	51.2941	6.24	6.1	0
_D:	3	12	0.851224	85	0	48.7303	6.49	6.38	2
_D:	3	13	0.796345	80	0	48.8371	6.25	6.13	0
_D:	3	14	0.771356	74	0	48.0888	6.19	6.11	3
_D:	3	15	0.841919	79	0	46.8343	5.85	5.72	1
_D:	3	16	0.779988	72	0	47.439	5.79	5.66	2
_D:	3	17	0.817933	74	0	46.2805	5.53	5.43	0
_D:	3	18	0.742465	67	0	45.184	5.51	5.45	3
_D:	3	19	0.772994	72	0	44.9448	5.34	5.22	3
_D:	3	20	0.708996	86	0	46.0362	7.6	7.47	3
_D:	3	21	0.752639	93	0	42.8733	6.74	6.62	4
_D:	3	22	0.873905	79	0	44.2	5.46	5.36	4
_D:	3	23	0.900805	82	0	44.6606	5.4	5.33	2
_D:	3	24	0.820697	76	0	43.3728	5.31	5.2	7
_D:	3	25	0.863426	82	0	42.6272	5.11	5.01	7
_D:	3	26	0.920895	90	0	42.0169	5.65	5.57	4
_D:	3	27	0.838672	82	0	43.1685	5.48	5.38	3
_D:	3	28	0.750858	65	0	44.2911	5.28	5.17	3
_D:	3	29	0.74164	65	0	42.424	4.87	4.76	2
_D:	3	30	0.884243	98	0	44.549	6.63	6.53	6
_D:	3	31	0.831028	96	0	43.0686	6.13	5.99	4
_D:	3	32	0.884217	96	0	41.3385	5.84	5.74	6
_D:	3	33	0.725928	78	0	41.2396	5.55	5.4	4
_D:	3	34	0.86811	96	0	40.2935	5.86	5.71	4
_D:	3	35	0.894504	99	0	40.6269	5.74	5.61	3
_D:	3	36	0.730728	65	0	40.7485	4.74	4.65	4
_D:	3	37	0.810502	72	0	40.7607	4.62	4.55	5
_D:	3	38	0.792015	73	0	35.8333	4.4	4.31	4
_D:	3	39	0.67989	63	0	36.7381	4.32	4.25	1
_D:	3	40	0.819243	64	0	38.7343	4.13	4.08	4
_D:	3	41	0.782464	61	0	40.028	3.98	3.89	4
_D:	3	42	0.73457	60	0	38.6779	4.2	4.09	3
_D:	3	43	0.713681	60	0	38.557	4.04	3.97	2
_D:	3	44	0.695675	62	0	40.1646	4.77	4.7	4
_D:	3	45	0.78558	70	0	38.5427	4.55	4.47	4
_D:	3	46	0.83194	80	0	38.56	5	4.94	6
_D:	3	47	0.759517	73	0	41.4057	4.92	4.81	4
_D:	3	48	0.825889	83	0	41.6703	5.56	5.48	3
_D:	3	49	0.758715	76	0	42.2473	5.29	5.21	6
_D:	3	50	0.89475	87	0	41.0578	5.12	5.05	7
_D:	3	51	0.896921	85	0	40.8613	4.97	4.85	4
_D:	3	52	0.822376	74	0	38.1258	4.43	4.36	3
_D:	3	53	0.847336	76	0	37.8365	4.24	4.16	6
_D:	3	54	0.779109	79	0	41.5879	5.4	5.28	7
_D:	3	55	0.738403	74	0	40.0549	5.06	4.98	6
_D:	3	56	0.725099	73	0	39.5028	5.23	5.13	5
_D:	3	57	0.81821	82	0	37.2541	4.81	4.72	2
_D:	3	58	0.740464	68	0	40.1807	4.62	4.49	6
_D:	3	59	0.76304	71	0	37.0301	4.25	4.19	3
_D:	3	60	0.699955	59	0	39.3013	4.47	4.38	3
_D:	3	61	0.766865	66	0	39.3333	4.34	4.28	4
_D:	3	62	0.891149	81	0	39.1976	4.83	4.72	3
_D:	3	63	0.867046	80	0	39.509	4.64	4.58	3
_D:	3	64	0.709893	72	0	37.3923	4.99	4.9	5
_D:	3	65	0.692046	68	0	35.7514	4.55	4.49	3
_D:	3	66	0.899565	78	0	38.1069	4.48	4.41	4
_D:	3	67	0.703504	63	0	36.3962	4.08	4.02	1
_D:	3	68	0.667265	63	0	37.0947	4.58	4.48	2
_D:	3	69	0.774426	72	0	38.8106	4.51	4.44	4
_D:	3	70	0.835246	69	0	37.6824	3.89	3.84	4
_D:	3	71	0.688491	56	0	32.9392	3.48	3.45	0
_D:	3	72	0.84786	79	0	39.1176	4.86	4.75	8
_D:	3	73	0.814265	77	0	38	4.52	4.43	4
_D:	3	74	0.788264	75	0	37.2	4.72	4.67	4
_D:	3	75	0.732304	70	0	36.3314	4.45	4.37	3
_D:	3	76	0.820639	83	0	36.7541	4.93	4.86	7
_D:	3	77	0.760397	77	0	34.4208	4.66	4.61	7
_D:	3	78	0.727386	67	0	35.8855	4.34	4.23	3
_D:	3	79	0.870109	79	0	38.9819	4.4	4.34	5
_D:	3	80	0.810049	71	0	35.0839	3.95	3.89	5
_D:	3	81	0.691989	59	0	34.2516	3.69	3.63	0
_D:	3	82	0.748911	73	0	39.24	4.9	4.81	5
_D:	3	83	0.773982	73	0	36.3143	4.56	4.49	3
_D:	3	84	0.731334	65	0	35.537	4.21	4.15	1
_D:	3	85	0.72415	65	0	35.3827	3.93	3.85	4
_D:	3	86	0.894591	89	0	35.8833	4.88	4.78	4
_D:	3	87	0.837336	84	0	37.9889	4.82	4.74	5
_D:	3	88	0.776063	66	0	35.7516	4.07	4.01	4
_D:	3	89	0.694925	60	0	35.2166	3.8	3.74	3
_D:	3	90	0.839119	83	0	38.419	5.15	5.07	2
_D:	3	91	0.770774	79	0	38.1229	4.74	4.65	5
_D:	3	92	0.857155	90	0	37.2396	5.34	5.24	6
_D:	3	93	0.765517	81	0	36.0781	4.89	4.8	4
_D:	3	94	0.735474	54	0	31.7424	3.17	3.1	2
_D:	3	95	0.704902	52	0	32.9318	3.04	2.99	5
_D:	3	96	0.742662	67	0	32.9383	3.92	3.82	4
_D:	3	97	0.740829	66	0	32.6914	3.7	3.62	2
_D:	3	98	0.786443	84	0	36.0529	4.98	4.9	6
_D:	3	99	0.886765	91	0	36.0053	4.75	4.64	3
_D:	3	100	0.770586	76	0	33.7747	4.58	4.52	5
_D:	3	101	0.784231	80	0	34.6813	4.53	4.45	3
_D:	3	102	0.903531	96	0	37.299	5.19	5.1	3
_D:	3	103	0.66868	73	0	35.8144	4.82	4.72	4
_D:	3	104	0.755627	81	0	38.3021	5.27	5.16	5
_D:	3	105	0.895313	94	0	39.4115	5.26	5.16	4
_D:	3	106	0.754738	66	0	34.981	4.13	4.05	3
_D:	3	107	0.792502	68	0	34.9937	3.98	3.92	4
_D:	3	108	0.79538	77	0	35.5621	4.3	4.23	4
_D:	3	109	0.852083	80	0	32.8698	3.97	3.89	3
_D:	3	110	0.89831	85	0	36.0994	4.49	4.39	3
_D:	3	111	0.636303	61	0	35.7661	4	3.94	5
_D:	3	112	0.762479	76	0	34.8708	4.48	4.42	4
_D:	3	113	0.825415	81	0	33.3989	4.21	4.13	4
_D:	3	114	0.885024	85	0	34.6114	4.59	4.5	4
_D:	3	115	0.742381	73	0	34.2	4.18	4.11	3
_D:	3	116	0.858182	81	0	33.0714	4	3.95	4
_D:	3	117	0.873061	82	0	34.1488	3.96	3.9	2
_D:	3	118	0.814752	73	0	33.9515	4.03	3.93	6
_D:	3	119	0.651153	59	0	31.7697	3.77	3.71	2
_D:	3	120	0.820153	70	0	32.7115	3.79	3.71	2
_D:	3	121	0.829393	71	0	33.5513	3.59	3.54	4
_D:	3	122	0.807173	83	0	35.4731	4.94	4.84	3
_D:	3	123	0.749316	77	0	37.6989	4.89	4.8	4
_D:	3	124	0.828329	89	0	35.1122	5	4.95	1
_D:	3	125	0.799267	87	0	35.9847	4.88	4.82	6
_D:	3	126	0.651692	60	0	31.645	3.94	3.85	1
_D:	3	127	0.698745	65	0	34.7278	4.02	3.94	2
_D:	3	128	0.780639	65	0	34.5676	3.68	3.64	3
_D:	3	129	0.737208	61	0	33.2703	3.42	3.33	2
_D:	3	130	0.849692	92	0	35.3109	5.03	4.95	4
_D:	3	131	0.811599	88	0	35.4249	4.85	4.76	5
_D:	3	132	0.845424	92	0	33.1347	4.68	4.62	2
_D:	3	133	0.841102	88	0	32.9793	4.48	4.42	5
_D:	3	134	0.748173	72	0	33.5439	4.15	4.04	4
_D:	3	135	0.748564	72	0	31.5965	3.91	3.84	2
_D:	3	136	0.865721	94	0	34.1558	5.06	4.95	4
_D:	3	137	0.75841	83	0	32.2714	4.7	4.61	4
_D:	3	138	0.760078	76	0	31.375	4.34	4.29	4
_D:	3	139	0.732099	74	0	31.625	4.16	4.07	3
_D:	3	140	0.715555	67	0	29.4311	3.67	3.62	5
_D:	3	141	0.728614	68	0	28.976	3.45	3.4	2
_D:	3	142	0.753677	74	0	30.0387	4.1	4	5
_D:	3	143	0.865985	86	0	31.1989	3.96	3.88	5
_D:	3	144	0.785059	84	0	31.8929	4.58	4.52	4
_D:	3	145	0.823975	87	0	31.1071	4.36	4.27	3
_D:	3	146	0.876263	101	0	31.4737	5	4.91	4
_D:	3	147	0.747699	86	0	33	4.95	4.86	3
_D:	3	148	0.858068	84	0	31.8857	4.06	4	3
_D:	3	149	0.858359	84	0	34.16	4.1	4.01	4
_D:	3	150	0.843059	82	0	33.9535	4.2	4.13	1
_D:	3	151	0.795848	77	0	33.5291	3.99	3.91	3
_D:	3	152	0.832853	87	0	35.1885	4.89	4.82	8
_D:	3	153	0.671489	71	0	34.822	4.71	4.64	3
_D:	3	154	0.840205	91	0	32.3918	4.66	4.58	2
_D:	3	155	0.812736	89	0	33.8763	4.58	4.48	1
_D:	3	156	0.687551	77	0	35.297	5.1	5.03	4
_D:	3	157	0.791318	88	0	35.297	4.83	4.74	5
_D:	3	158	0.806993	83	0	30.8486	4.28	4.19	2
_D:	3	159	0.798775	82	0	30.3568	4.01	3.94	3
_D:	3	160	0.737823	59	0	33.0857	3.31	3.27	4
_D:	3	161	0.787215	62	0	30.8286	3.05	2.96	3
_D:	3	162	0.735503	78	0	31.2366	4.31	4.25	0
_D:	3	163	0.754221	78	0	32.9731	4.21	4.12	3
_D:	3	164	0.818315	82	0	33.3296	4.21	4.14	3
_D:	3	165	0.756075	75	0	32.9274	4.01	3.95	2
_D:	3	166	0.752948	80	0	30.3927	4.25	4.18	1
_D:	3	167	0.8222	87	0	31.4188	4.14	4.09	6
_D:	3	168	0.764245	69	0	32.2025	3.72	3.65	2
_D:	3	169	0.75918	69	0	30.8896	3.47	3.4	2
_D:	3	170	0.674278	57	0	32.0067	3.41	3.34	2
_D:	3	171	0.684494	57	0	31.12	3.23	3.18	1
_D:	3	172	0.800034	75	0	30.7989	4	3.94	3
_D:	3	173	0.743732	71	0	32.5862	3.84	3.79	3
_D:	3	174	0.897654	94	0	32.383	4.33	4.25	3
_D:	3	175	0.754166	80	0	35.0851	4.44	4.38	3
_D:	3	176	0.853207	86	0	32.3757	4.24	4.14	3
_D:	3	177	0.889198	90	0	33.6961	4.16	4.08	4
_D:	3	178	0.848323	72	0	32.2532	3.56	3.48	2
_D:	3	179	0.826997	69	0	31.9221	3.34	3.26	3
_D:	3	180	0.863595	92	0	33.7158	4.47	4.37	2
_D:	3	181	0.826311	90	0	33.9	4.34	4.24	3
_D:	3	182	0.757455	65	0	29.9682	3.54	3.46	3
_D:	3	183	0.764607	68	0	33.465	3.56	3.51	1
_D:	3	184	0.722057	69	0	31.8466	4.15	4.1	1
_D:	3	185	0.735809	72	0	32.2727	3.93	3.86	3
_D:	3	186	0.757794	70	0	32.0671	3.78	3.73	3
_D:	3	187	0.82431	75	0	32.25	3.63	3.57	2
_D:	3	188	0.80678	78	0	31.4882	3.89	3.82	3
_D:	3	189	0.780533	73	0	30.6824	3.63	3.52	4
_D:	3	190	0.701038	72	0	31.6631	4.23	4.18	2
_D:	3	191	0.856108	90	0	32.6524	4.14	4.08	3
_D:	3	192	0.778955	66	0	31.894	3.47	3.39	2
_D:	3	193	0.647115	55	0	29.9073	3.18	3.09	3
_D:	3	194	0.737932	63	0	31.0892	3.51	3.46	2
_D:	3	195	0.752641	67	0	32.3949	3.44	3.37	2
_D:	3	196	0.821668	78	0	33.3393	3.99	3.91	4
_D:	3	197	0.637623	60	0	32.7798	3.75	3.7	1
_D:	3	198	0.797124	66	0	30.3245	3.34	3.3	2
_D:	3	199	0.799305	67	0	28.4305	3	2.95	2
_D:	3	200	0.87621	78	0	30.8481	3.43	3.37	4
_D:	3	201	0.675988	60	0	31.0886	3.27	3.19	2
_D:	3	202	0.879112	86	0	31.017	3.86	3.81	0
_D:	3	203	0.779434	75	0	30.4205	3.62	3.58	4
_D:	3	204	0.835166	91	0	32.0553	4.63	4.54	2
_D:	3	205	0.817364	90	0	32.3417	4.39	4.32	4
_D:	3	206	0.785589	86	0	30.3015	4.31	4.25	5
_D:	3	207	0.809053	89	0	29.0754	4.01	3.95	1
_D:	3	208	0.758679	71	0	32.9408	3.86	3.75	5
_D:	3	209	0.775903	72	0	31.284	3.56	3.49	3
_D:	3	210	0.826902	93	0	35.5859	4.76	4.69	4
_D:	3	211	0.822544	89	0	33.7929	4.38	4.3	5
_D:	3	212	0.718151	69	0	29.4971	3.73	3.69	1
_D:	3	213	0.758693	74	0	30.6879	3.6	3.54	2
_D:	3	214	0.706409	65	0	29.8373	3.56	3.53	3
_D:	3	215	0.684054	63	0	29.5723	3.32	3.26	3
_D:	3	216	0.719092	68	0	29.0058	3.6	3.52	4
_D:	3	217	0.840267	80	0	30.9766	3.62	3.55	3
_D:	3	218	0.820672	77	0	29.8274	3.63	3.55	3
_D:	3	219	0.800793	76	0	31.2262	3.59	3.49	2
_D:	3	220	0.80794	78	0	32.1637	3.89	3.84	2
_D:	3	221	0.700072	66	0	30.5848	3.57	3.48	0
_D:	3	222	0.748352	73	0	32.7303	4.11	4.02	3
_D:	3	223	0.825712	81	0	32.0449	3.9	3.83	4
_D:	3	224	0.669249	70	0	32.375	4.27	4.23	3
_D:	3	225	0.753639	78	0	31.5924	3.97	3.88	2
_D:	3	226	0.890572	100	0	32.803	4.63	4.54	3
_D:	3	227	0.828077	94	0	32.4532	4.38	4.25	5
_D:	3	228	0.863129	90	0	30.6364	4.1	4.04	2
_D:	3	229	0.807161	85	0	31.9679	3.97	3.92	2
_D:	3	230	0.789664	78	0	32.6461	4.08	4.02	4
_D:	3	231	0.844889	82	0	31.8933	3.8	3.75	2
_D:	3	232	0.718863	72	0	30.9551	3.88	3.77	3
_D:	3	233	0.821528	81	0	30.309	3.69	3.63	3
_D:	3	234	0.78151	71	0	31.2515	3.79	3.73	2
_D:	3	235	0.78855	72	0	30.018	3.45	3.39	3
_D:	3	236	0.762012	70	0	31.7687	3.55	3.48	3
_D:	3	237	0.740171	66	0	27.95	3.12	3.06	1
_D:	3	238	0.818277	82	0	29.7022	3.74	3.69	4
_D:	3	239	0.877828	88	0	31.6517	3.73	3.65	3
_D:	3	240	0.730078	83	0	31.3485	4.26	4.17	1
_D:	3	241	0.739834	81	0	30.5707	4.1	3.97	4
_D:	3	242	0.763462	84	0	30.0854	4.31	4.2	2
_D:	3	243	0.869769	95	0	31.4121	4.2	4.14	3
_D:	3	244	0.843753	80	0	31.8824	3.77	3.72	3
_D:	3	245	0.787281	75	0	30.9765	3.52	3.47	3
_D:	3	246	0.622738	53	0	32.4765	3.27	3.24	2
_D:	3	247	0.736676	63	0	30.3087	2.98	2.92	1
_D:	3	248	0.690868	59	0	30.5806	3.34	3.27	2
_D:	3	249	0.737611	64	0	29.9935	3.15	3.1	2
_D:	3	250	0.827728	86	0	29.7312	3.97	3.89	2
_D:	3	251	0.765333	78	0	31.0323	3.92	3.83	3
_D:	3	252	0.814747	77	0	30.659	3.85	3.81	3
_D:	3	253	0.866822	82	0	30.578	3.66	3.56	3
_D:	3	254	0.789559	81	0	29.235	3.92	3.86	4
_D:	3	255	0.735309	75	0	30.0164	3.78	3.71	4
_D:	3	256	0.837686	90	0	32.164	4.12	4.07	2
_D:	3	257	0.786892	82	0	29.7884	3.82	3.75	2
_D:	3	258	0.876619	97	0	31.7761	4.47	4.41	2
_D:	3	259	0.814026	91	0	30.3582	4.11	4.01	3
_D:	3	260	0.682493	54	0	28.2701	2.83	2.8	1
_D:	3	261	0.62824	51	0	30.292	2.76	2.71	2
_D:	3	262	0.830958	80	0	31.3029	3.84	3.75	4
_D:	3	263	0.8335	83	0	31.5886	3.79	3.73	3
_D:	3	264	0.77321	81	0	31.3617	4.19	4.14	1
_D:	3	265	0.707278	75	0	30.4894	3.84	3.76	0
_D:	3	266	0.849401	88	0	32.2139	4.23	4.16	5
_D:	3	267	0.731737	79	0	31.3316	3.92	3.86	4
_D:	3	268	0.680938	64	0	30.2235	3.7	3.63	0
_D:	3	269	0.631949	60	0	30.9941	3.54	3.47	1
_D:	3	270	0.729652	71	0	29.9261	3.72	3.67	3
_D:	3	271	0.809774	80	0	30.8636	3.65	3.59	1
_D:	3	272	0.723298	71	0	31.5145	3.72	3.63	2
_D:	3	273	0.768611	75	0	29.6012	3.48	3.43	3
_D:	3	274	0.787923	74	0	31.7375	3.5	3.44	4
_D:	3	275	0.792227	71	0	30.3062	3.22	3.17	2
_D:	3	276	0.858716	79	0	32.4286	3.61	3.54	2
_D:	3	277	0.80788	73	0	34.1553	3.58	3.53	2
_D:	3	278	0.764136	65	0	31.449	3.2	3.13	1
_D:	3	279	0.730858	59	0	30.7483	3.02	2.95	0
_D:	3	280	0.810041	71	0	30.5948	3.33	3.25	4
_D:	3	281	0.826159	70	0	29.5621	3.1	3.04	2
_D:	3	282	0.715667	74	0	32.2552	4.33	4.27	2
_D:	3	283	0.885018	93	0	30.8802	3.95	3.86	4
_D:	3	284	0.704246	73	0	33.1955	4.05	3.97	2
_D:	3	285	0.822238	82	0	30.2514	3.69	3.64	4
_D:	3	286	0.811589	65	0	29.8621	3.07	3.03	3
_D:	3	287	0.838668	68	0	31.5448	3.05	2.99	4
_D:	3	288	0.783818	79	0	31.4011	3.91	3.87	3
_D:	3	289	0.740922	73	0	29.6441	3.56	3.52	0
_D:	3	290	0.764913	69	0	29.6867	3.47	3.43	1
_D:	3	291	0.733296	67	0	29.6325	3.32	3.26	3
_D:	3	292	0.898011	101	0	29.8291	4.2	4.07	4
_D:	3	293	0.796601	90	0	30.5176	4	3.94	5
_D:	3	294	0.862933	90	0	29.5904	4.01	3.91	3
_D:	3	295	0.747043	76	0	30.7074	3.83	3.76	4
_D:	3	296	0.762457	63	0	28.2119	3.11	3.05	1
_D:	3	297	0.771504	64	0	30.1192	3.03	2.98	2
_D:	3	298	0.687723	63	0	29.3161	3.27	3.21	4
_D:	3	299	0.748874	65	0	28.9097	3.01	2.96	4
_D:	3	300	0.75012	75	0	29.4309	3.84	3.77	2
_D:	3	301	0.749362	74	0	28.7348	3.58	3.52	2
_D:	3	302	0.739389	73	0	29.8258	3.8	3.76	3
_D:	3	303	0.754852	75	0	30	3.6	3.51	3
_D:	3	304	0.840913	78	0	29.7545	3.53	3.49	1
_D:	3	305	0.788194	75	0	31.0659	3.39	3.32	4
_D:	3	306	0.77781	76	0	29.2472	3.75	3.63	3
_D:	3	307	0.817066	80	0	28.691	3.52	3.46	2
_D:	3	308	0.726785	73	0	30.7557	3.75	3.69	3
_D:	3	309	0.764168	75	0	28.8807	3.48	3.38	2
_D:	3	310	0.804775	69	0	29.5577	3.24	3.19	2
_D:	3	311	0.721832	63	0	29.4295	3.12	3.04	2
_D:	3	312	0.783964	79	0	30.4076	4.03	3.96	2
_D:	3	313	0.806899	82	0	31.1087	3.84	3.77	3
_D:	3	314	0.884721	84	0	31.2544	3.71	3.62	3
_D:	3	315	0.867192	82	0	33.1065	3.64	3.57	4
_D:	3	316	0.715236	69	0	31.3621	3.89	3.85	3
_D:	3	317	0.813919	77	0	31.4713	3.67	3.59	3
_D:	3	318	0.837717	86	0	28.0161	3.81	3.75	3
_D:	3	319	0.797555	83	0	27.9839	3.64	3.59	3
_D:	3	320	0.878037	90	0	27.7105	3.9	3.85	3
_D:	3	321	0.780748	84	0	29.5895	3.87	3.81	2
_D:	3	322	0.770984	73	0	28.4142	3.54	3.48	2
_D:	3	323	0.775139	74	0	30.3018	3.42	3.36	2
_D:	3	324	0.881349	89	0	28.2896	3.7	3.62	2
_D:	3	325	0.758677	75	0	27.1202	3.48	3.41	3
_D:	3	326	0.762246	65	0	30.2895	3.29	3.22	1
_D:	3	327	0.850925	74	0	31.2895	3.24	3.16	1
_D:	3	328	0.828569	88	0	30.6526	4.12	4.06	4
_D:	3	329	0.777249	82	0	31.2579	3.93	3.88	3
_D:	3	330	0.899908	87	0	30.6494	3.83	3.74	3
_D:	3	331	0.900253	88	0	33.6839	3.84	3.76	2
_D:	3	332	0.85201	93	0	31.9391	4.4	4.35	3
_D:	3	333	0.832304	94	0	30.9797	4.11	4.04	3
_D:	3	334	0.857662	78	0	30.2788	3.56	3.54	1
_D:	3	335	0.871211	79	0	31.2788	3.42	3.38	4
_D:	3	336	0.745324	85	0	29.7295	4.45	4.35	4
_D:	3	337	0.857806	98	0	28.8889	4.16	4.1	2
_D:	3	338	0.855372	86	0	30.623	4.01	3.95	3
_D:	3	339	0.871961	89	0	31.5464	3.79	3.76	4
_D:	3	340	0.869983	88	0	29.5956	3.86	3.81	3
_D:	3	341	0.769553	78	0	27.2842	3.47	3.41	0
_D:	3	342	0.738147	74	0	30.3222	3.97	3.89	3
_D:	3	343	0.667997	66	0	30.1	3.67	3.61	3
_D:	3	344	0.758464	67	0	30.7261	3.4	3.37	1
_D:	3	345	0.799606	68	0	29.3631	3.08	3	3
_D:	3	346	0.789458	78	0	29.3743	3.72	3.66	1
_D:	3	347	0.731815	73	0	29.5475	3.54	3.46	4
_D:	3	348	0.733525	67	0	28.8545	3.39	3.35	1
_D:	3	349	0.715595	67	0	29.7818	3.3	3.23	3
_D:	3	350	0.767156	72	0	29.256	3.45	3.41	2
_D:	3	351	0.792164	73	0	29.756	3.28	3.24	4
_D:	3	352	0.757172	90	0	29.771	4.48	4.41	2
_D:	3	353	0.818964	99	0	29.4907	4.26	4.2	1
_D:	3	354	0.802879	76	0	29.1919	3.54	3.5	2
_D:	3	355	0.770115	72	0	28.2035	3.32	3.24	2
_D:	3	356	0.951724	89	0	30.1111	3.67	3.64	3
_D:	3	357	0.778402	75	0	29.5556	3.42	3.35	2
_D:	3	358	0.772103	77	0	29.2247	3.72	3.66	2
_D:	3	359	0.865041	86	0	29.3202	3.56	3.48	1
_D:	3	360	0.779868	76	0	31.7586	3.84	3.78	3
_D:	3	361	0.75766	74	0	31.3966	3.61	3.56	1
_D:	3	362	0.851655	89	0	30.0053	3.97	3.89	1
_D:	3	363	0.781735	82	0	31.0266	3.87	3.8	4
_D:	3	364	0.767162	76	0	28.9218	3.77	3.68	0
_D:	3	365	0.779394	76	0	29.9106	3.65	3.61	4
_D:	3	366	0.752774	74	0	29.8222	3.78	3.73	2
_D:	3	367	0.786173	77	0	28.7	3.47	3.41	3
_D:	3	368	0.717844	73	0	25.9947	3.67	3.6	2
_D:	3	369	0.745328	76	0	27.385	3.54	3.48	4
_D:	3	370	0.841303	85	0	27.6201	3.65	3.59	2
_D:	3	371	0.838094	82	0	30.2235	3.64	3.58	1
_D:	3	372	0.805316	81	0	31.5083	4.03	3.95	4
_D:	3	373	0.782358	77	0	29.6851	3.59	3.51	2
_D:	3	374	0.777508	72	0	31.2229	3.62	3.57	3
_D:	3	375	0.816072	75	0	29.253	3.39	3.31	0
_D:	3	376	0.844959	78	0	31.0988	3.54	3.47	2
_D:	3	377	0.693356	62	0	29.2469	3.23	3.17	0
_D:	3	378	0.702329	73	0	28.2378	3.76	3.68	1
_D:	3	379	0.856469	86	0	26.6541	3.5	3.44	4
_D:	3	380	0.786109	77	0	30.0339	3.81	3.76	2
_D:	3	381	0.689509	68	0	28.1017	3.46	3.4	2
_D:	3	382	0.834349	86	0	29.555	4.05	3.99	1
_D:	3	383	0.795088	84	0	30.9529	4	3.95	3
_D:	3	384	0.843973	88	0	29.1383	3.95	3.87	5
_D:	3	385	0.822403	84	0	29.5319	3.81	3.75	1
_D:	3	386	0.811121	78	0	30.436	3.65	3.58	3
_D:	3	387	0.846637	80	0	29.7267	3.42	3.35	3
_D:	3	388	0.772435	65	0	26.0649	3.02	2.98	0
_D:	3	389	0.69067	59	0	28.026	2.96	2.91	3
_D:	3	390	0.738953	68	0	30.4756	3.48	3.41	3
_D:	3	391	0.775188	69	0	29.5732	3.28	3.21	2
_D:	3	392	0.827846	77	0	28.9591	3.51	3.45	2
_D:	3	393	0.867899	81	0	29.6257	3.39	3.32	2
_D:	3	394	0.843553	82	0	27.8728	3.51	3.46	1
_D:	3	395	0.723399	69	0	29.5665	3.42	3.33	1
_D:	3	396	0.826071	79	0	28.5429	3.66	3.58	2
_D:	3	397	0.763404	74	0	29.5143	3.5	3.46	2
_D:	3	398	0.838674	74	0	29.475	3.43	3.36	3
_D:	3	399	0.833155	73	0	29.0125	3.31	3.23	2
_D:	3	400	0.859913	103	0	30.9615	4.51	4.44	3
_D:	3	401	0.843925	96	0	30.4087	4.31	4.24	2
_D:	3	402	0.783282	76	0	31.3184	4	3.91	2
_D:	3	403	0.842921	82	0	30.1061	3.75	3.67	2
_D:	3	404	0.861445	75	0	31.4968	3.44	3.4	2
_D:	3	405	0.744579	65	0	31.4839	3.36	3.31	1
_D:	3	406	0.811062	88	0	31.0259	4.24	4.16	2
_D:	3	407	0.785538	85	0	30.9275	3.97	3.91	1
_D:	3	408	0.907066	96	0	31.2032	4.15	4.05	2
_D:	3	409	0.858115	90	0	29.9679	3.86	3.77	1
_D:	3	410	0.924582	92	0	31.4208	4.16	4.1	3
_D:	3	411	0.777552	78	0	30.3552	3.85	3.75	2
_D:	3	412	0.85857	85	0	29.9045	3.8	3.74	2
_D:	3	413	0.917861	91	0	28.5281	3.5	3.46	3
_D:	3	414	0.796616	85	0	29.836	3.98	3.89	3
_D:	3	415	0.760229	79	0	30.037	3.91	3.85	2
_D:	3	416	0.843038	76	0	27.9565	3.22	3.18	3
_D:	3	417	0.74364	66	0	26.8944	3.05	3.01	3
_D:	3	418	0.70076	78	0	28.0204	3.94	3.86	1
_D:	3	419	0.728218	77	0	25.3367	3.51	3.47	3
_D:	3	420	0.798145	68	0	27.8397	3.1	3.07	2
_D:	3	421	0.777729	66	0	28.0513	2.97	2.9	1
_D:	3	422	0.762399	66	0	26.6051	3.09	3.04	3
_D:	3	423	0.696081	59	0	25.8217	2.86	2.79	3
_D:	3	424	0.79553	79	0	26.6111	3.52	3.45	1
_D:	3	425	0.730999	71	0	25.9722	3.27	3.21	2
_D:	3	426	0.794055	83	0	27.8368	3.79	3.73	3
_D:	3	427	0.72883	75	0	26.4211	3.55	3.5	2
_D:	3	428	0.767343	71	0	26.2395	3.31	3.25	3
_D:	3	429	0.74235	68	0	26.7665	3.08	3.01	4
_D:	3	430	0.874885	79	0	28.1928	3.36	3.3	1
_D:	3	431	0.779004	73	0	29.0422	3.22	3.15	0
_D:	3	432	0.611925	47	0	27.4706	2.69	2.64	1
_D:	3	433	0.650986	50	0	27.5809	2.55	2.52	1
_D:	3	434	0.818205	94	0	26.6274	4.27	4.16	3
_D:	3	435	0.814948	93	0	25.0708	3.81	3.74	2
_D:	3	436	0.814469	78	0	26.0115	3.41	3.36	1
_D:	3	437	0.827429	79	0	28.1494	3.37	3.3	1
_D:	3	438	0.728179	80	0	29.7358	4.04	3.95	3
_D:	3	439	0.744414	78	0	27.3212	3.71	3.63	1
_D:	3	440	0.839808	84	0	28.55	3.68	3.6	3
_D:	3	441	0.96292	96	0	28.5111	3.5	3.42	1
_D:	3	442	0.832983	76	0	32	3.49	3.42	4
_D:	3	443	0.89455	79	0	30.6415	3.24	3.18	2
_D:	3	444	0.774456	74	0	30.5872	3.67	3.58	3
_D:	3	445	0.855453	81	0	28.9535	3.44	3.4	3
_D:	3	446	0.819345	78	0	30.2343	3.82	3.76	3
_D:	3	447	0.944504	92	0	30.08	3.7	3.63	3
_D:	3	448	0.790618	65	0	32.2838	3.31	3.26	1
_D:	3	449	0.830247	68	0	30.5203	3.15	3.05	1
_D:	3	450	0.83193	74	0	32.1069	3.64	3.57	4
_D:	3	451	0.724724	62	0	29.5346	3.28	3.2	1
_D:	3	452	0.67876	64	0	29.5965	3.64	3.58	2
_D:	3	453	0.775606	72	0	27.4795	3.34	3.27	4
_D:	3	454	0.694609	56	0	28.0959	3.09	3.04	1
_D:	3	455	0.83171	70	0	28.589	2.87	2.78	3
_D:	3	456	0.883125	88	0	29.875	3.7	3.63	5
_D:	3	457	0.82275	79	0	28.9545	3.57	3.49	2
_D:	3	458	0.809228	75	0	28.2256	3.38	3.32	4
_D:	3	459	0.840208	77	0	29.8232	3.21	3.18	3
_D:	3	460	0.799012	79	0	29.3807	3.74	3.66	3
_D:	3	461	0.826203	79	0	30.1875	3.61	3.57	2
_D:	3	462	0.795298	92	0	26.7847	4.2	4.13	1
_D:	3	463	0.847333	95	0	26.823	3.94	3.86	3
_D:	3	464	0.709077	66	0	30.75	3.55	3.5	1
_D:	3	465	0.877345	81	0	28.7262	3.31	3.29	1
_D:	3	466	0.79018	72	0	29.5767	3.5	3.43	2
_D:	3	467	0.769723	69	0	28.4785	3.26	3.23	1
_D:	3	468	0.946923	86	0	31.2393	3.58	3.51	1
_D:	3	469	0.792177	73	0	33.0675	3.46	3.41	4
_D:	3	470	0.830115	94	0	28.7772	4.17	4.13	4
_D:	3	471	0.777201	86	0	28.0446	3.95	3.89	0
_D:	3	472	0.674138	66	0	28.0955	3.65	3.58	2
_D:	3	473	0.651646	63	0	26.1292	3.38	3.35	0
_D:	3	474	0.851703	90	0	30.1702	4.03	3.97	2
_D:	3	475	0.808859	83	0	28.8777	3.73	3.66	1
_D:	3	476	0.84037	86	0	30.1749	3.98	3.9	2
_D:	3	477	0.709109	72	0	30.5027	3.84	3.81	1
_D:	3	478	0.749759	68	0	30.6463	3.61	3.55	2
_D:	3	479	0.711485	64	0	29.9756	3.45	3.36	1
_D:	3	480	0.801276	80	0	28.1923	3.8	3.74	3
_D:	3	481	0.787834	78	0	28.8956	3.7	3.63	2
_D:	3	482	0.742416	74	0	30.6298	3.96	3.9	3
_D:	3	483	0.650909	65	0	27.105	3.54	3.44	1
_D:	3	484	0.713118	56	0	29.4196	3.07	3.01	0
_D:	3	485	0.703221	55	0	26.4825	2.71	2.65	1
_D:	3	486	0.799406	72	0	27.8659	3.3	3.23	3
_D:	3	487	0.809088	73	0	26.2439	3.08	3	0
_D:	3	488	0.704143	77	0	27.3927	3.96	3.89	4
_D:	3	489	0.774167	80	0	28.1728	3.79	3.74	2
_D:	3	490	0.758602	61	0	28.8601	2.97	2.9	3
_D:	3	491	0.840376	67	0	31.3357	2.97	2.95	3
_D:	3	492	0.728272	91	0	28.0495	4.5	4.43	4
_D:	3	493	0.794476	95	0	27.7613	4.25	4.2	2
_D:	3	494	0.774972	74	0	29.2159	3.74	3.66	1
_D:	3	495	0.764653	74	0	29.642	3.6	3.53	2
_D:	3	496	0.842497	74	0	30.7707	3.45	3.35	2
_D:	3	497	0.835812	73	0	30.6497	3.3	3.25	2
_D:	3	498	0.767955	74	0	30.2209	3.8	3.72	3
_D:	3	499	0.810367	76	0	28.8605	3.52	3.45	1
_D:	3	500	0.819913	86	0	31.4194	4.16	4.05	1
_D:	3	501	0.922808	96	0	31.7796	3.99	3.93	4
_D:	3	502	0.846747	76	0	30.0556	3.61	3.56	1
_D:	3	503	0.777329	71	0	30.037	3.34	3.28	2
_D:	3	504	0.810065	77	0	30.8393	3.74	3.65	2
_D:	3	505	0.821541	76	0	29.6131	3.44	3.38	2
_D:	3	506	0.844728	86	0	30.2582	4.04	3.97	2
_D:	3	507	0.809789	82	0	30.8791	3.84	3.75	3
_D:	3	508	0.828468	93	0	28.7067	4.37	4.3	2
_D:	3	509	0.892575	101	0	28.625	4.08	4.02	4
_D:	3	510	0.710963	67	0	28.6235	3.47	3.41	1
_D:	3	511	0.788987	74	0	27.6353	3.31	3.24	1
_D:	3	512	0.712466	71	0	27.6796	3.61	3.53	2
_D:	3	513	0.71796	70	0	26.9669	3.37	3.3	1
_D:	3	514	1.00485	103	0	25.7196	3.66	3.6	2
_D:	3	515	0.934296	96	0	27.0794	3.57	3.5	3
_D:	3	516	0.87142	93	0	29.1099	3.95	3.87	2
_D:	3	517	0.807441	87	0	26.5131	3.6	3.52	2
_D:	3	518	0.881483	91	0	27.9305	3.8	3.7	1
_D:	3	519	0.782634	82	0	28.385	3.64	3.61	2
_D:	3	520	0.801434	97	0	27.0091	4.34	4.26	2
_D:	3	521	0.756409	93	0	25.8416	4.09	4.02	1
_D:	3	522	0.88915	99	0	28.9158	4.17	4.08	2
_D:	3	523	0.781537	87	0	27.5149	3.91	3.83	1
_D:	3	524	0.787101	81	0	29.3011	3.87	3.83	0
_D:	3	525	0.815592	84	0	27.5161	3.53	3.46	4
_D:	3	526	0.818416	83	0	30.0707	3.96	3.92	1
_D:	3	527	0.776823	81	0	29.6576	3.78	3.72	1
_D:	3	528	0.780436	75	0	28.5872	3.66	3.6	1
_D:	3	529	0.812364	76	0	30.0523	3.55	3.45	2
_D:	3	530	0.772763	77	0	30.8539	3.89	3.85	0
_D:	3	531	0.870526	87	0	31.2416	3.74	3.66	0
_D:	3	532	0.711268	61	0	28.8013	3.2	3.16	1
_D:	3	533	0.745515	63	0	27.8874	2.99	2.94	0
_D:	3	534	0.788138	87	0	28.645	4.08	3.99	3
_D:	3	535	0.782155	87	0	30.245	4.06	4	2
_D:	3	536	0.814443	81	0	27.1538	3.65	3.58	1
_D:	3	537	0.710148	71	0	26.7967	3.5	3.4	2
_D:	3	538	0.886489	78	0	30.816	3.6	3.53	2
_D:	3	539	0.722105	67	0	28.6258	3.23	3.2	1
_D:	3	540	0.825731	91	0	30.6816	4.36	4.32	4
_D:	3	541	0.800025	87	0	29.0249	3.96	3.91	3
_D:	3	542	0.833448	77	0	29.6627	3.71	3.66	0
_D:	3	543	0.811828	76	0	29.142	3.44	3.38	0
_D:	3	544	0.670629	61	0	28.8012	3.57	3.5	1
_D:	3	545	0.775219	70	0	27.0422	3.2	3.15	2
_D:	3	546	0.877074	86	0	27.9831	3.67	3.6	4
_D:	3	547	0.7973	76	0	26.8079	3.36	3.3	0
_D:	3	548	0.686877	67	0	27.7045	3.61	3.53	0
_D:	3	549	0.666244	65	0	28.1477	3.49	3.44	0
_D:	3	550	0.840346	80	0	29.3931	3.54	3.49	4
_D:	3	551	0.668858	64	0	28.2081	3.42	3.38	2
_D:	3	552	0.690266	64	0	25.9697	3.15	3.08	1
_D:	3	553	0.663404	60	0	23.6788	2.86	2.84	1
_D:	3	554	0.707493	72	0	26.7065	3.6	3.54	2
_D:	3	555	0.620982	63	0	24.625	3.3	3.24	0
_D:	3	556	0.778851	78	0	24.4378	3.5	3.44	3
_D:	3	557	0.783189	79	0	25.8216	3.37	3.32	1
_D:	3	558	0.807068	87	0	24.6888	3.65	3.58	1
_D:	3	559	0.839198	89	0	26.8776	3.6	3.52	0
_D:	3	560	0.742496	69	0	26.5542	3.28	3.23	3
_D:	3	561	0.693219	63	0	25.8494	3.07	3.04	0
_D:	3	562	0.715962	82	0	27.622	4.2	4.14	1
_D:	3	563	0.719029	81	0	27.9713	3.97	3.9	6
_D:	3	564	0.75453	68	0	24.5476	3.17	3.12	0
_D:	3	565	0.759186	70	0	24.4048	2.98	2.95	2
_D:	3	566	0.768801	64	0	24.6	2.85	2.81	0
_D:	3	567	0.822871	68	0	24.4467	2.69	2.64	0
_D:	3	568	0.704909	70	0	26.3966	3.57	3.53	0
_D:	3	569	0.798998	80	0	28.3073	3.46	3.41	2
_D:	3	570	0.824292	85	0	27.6263	3.85	3.8	1
_D:	3	571	0.916521	96	0	27.1684	3.6	3.55	2
_D:	3	572	0.8498	75	0	24.9938	3.04	2.99	1
_D:	3	573	0.793413	72	0	27.0683	3.01	2.94	0
_D:	3	574	0.764562	86	0	25.9024	4.07	3.97	3
_D:	3	575	0.79973	89	0	25.9756	3.77	3.74	0
_D:	3	576	0.810312	82	0	28.2077	3.71	3.64	3
_D:	3	577	0.841658	85	0	28.7814	3.63	3.58	0
_D:	3	578	0.973378	84	0	27.9625	3.26	3.18	2
_D:	3	579	0.846377	75	0	28.175	3.13	3.07	1
_D:	3	580	0.799018	82	0	26.173	3.62	3.56	3
_D:	3	581	0.685797	70	0	25.4054	3.37	3.32	1
_D:	3	582	0.858494	80	0	25.7706	3.29	3.22	1
_D:	3	583	0.836158	79	0	26.0647	3.12	3.08	1
_D:	3	584	0.715178	72	0	29.6648	3.63	3.56	3
_D:	3	585	0.780535	76	0	27.5114	3.27	3.21	2
_D:	3	586	0.773938	67	0	26.1548	3.07	2.99	1
_D:	3	587	0.765811	66	0	26.4774	2.82	2.78	1
_D:	3	588	0.767216	66	0	27.2222	3.06	3.01	2
_D:	3	589	0.735054	62	0	26.4575	2.9	2.86	2
_D:	3	590	0.937304	97	0	28.2181	3.89	3.82	2
_D:	3	591	0.881964	91	0	27.8032	3.62	3.54	1
_D:	3	592	0.791219	75	0	26.9767	3.39	3.31	1
_D:	3	593	0.801269	75	0	25.5058	3.17	3.09	1
_D:	3	594	0.700669	67	0	28.7784	3.66	3.58	3
_D:	3	595	0.757232	73	0	27.5625	3.4	3.34	2
_D:	3	596	0.770924	77	0	27.7293	3.82	3.75	0
_D:	3	597	0.787089	77	0	26.8453	3.4	3.36	1
_D:	3	598	0.758684	73	0	27.6609	3.5	3.43	2
_D:	3	599	0.790428	74	0	27.3046	3.32	3.25	0
_D:	3	600	0.778979	71	0	27.7866	3.29	3.24	1
_D:	3	601	0.792008	73	0	28.4268	3.14	3.07	0
_D:	3	602	0.747368	71	0	27.6257	3.41	3.37	2
_D:	3	603	0.794657	74	0	26.2632	3.16	3.1	0
_D:	3	604	0.788452	69	0	26.2125	3.09	3.04	1
_D:	3	605	0.72776	64	0	25.9	2.91	2.85	2
_D:	3	606	0.845232	90	0	26.456	3.76	3.68	2
_D:	3	607	0.839608	89	0	24.8756	3.42	3.38	1
_D:	3	608	0.709851	55	0	26.1528	2.79	2.78	1
_D:	3	609	0.772517	61	0	24.9097	2.56	2.54	2
_D:	3	610	0.787238	74	0	25.7186	3.15	3.12	4
_D:	3	611	0.74843	69	0	25.4431	3.03	2.98	3
_D:	3	612	0.766244	85	0	26.2915	3.82	3.74	1
_D:	3	613	0.779432	88	0	25.7487	3.63	3.6	4
_D:	3	614	0.82705	92	0	26.0833	3.88	3.81	3
_D:	3	615	0.832536	92	0	26.4412	3.78	3.72	1
_D:	3	616	0.722761	67	0	29.1488	3.49	3.42	2
_D:	3	617	0.774805	72	0	29.7262	3.4	3.34	2
_D:	3	618	0.710367	69	0	28.1989	3.66	3.59	0
_D:	3	619	0.696071	68	0	28.2102	3.5	3.46	0
_D:	3	620	0.725468	63	0	26.6226	3.2	3.12	0
_D:	3	621	0.699629	62	0	26.1258	3.04	2.98	0
