_H:	|batch	|epoch	%avg_sse	%cnt_err	%avg_ext_rew	%avg_cycles	%epoch_time_tot	%epoch_time_usr
_D:	0	0	11.6653	750	0	32.1449	123.29	122.43
_D:	0	1	9.03973	681	0	38.9269	124.67	124.07
_D:	0	2	8.78215	654	0	43.5344	132.31	131.49
_D:	0	3	8.30825	665	0	48.2205	147.1	146.18
_D:	0	4	7.71787	728	0	49.8168	166.6	165.76
_D:	0	5	7.26111	625	0	50.4225	155.39	154.55
_D:	0	6	7.72087	594	0	50.1679	145.34	144.39
_D:	0	7	7.06	593	0	48.6957	146.19	145.32
_D:	0	8	6.58415	565	0	50.5862	144.34	143.57
_D:	0	9	6.49258	594	0	50.2332	156.68	155.93
_D:	0	10	5.65652	499	0	49.5506	143.37	142.52
_D:	0	11	6.10081	555	0	49.8931	157.06	156.07
_D:	0	12	6.07366	520	0	49.7681	152.93	151.93
_D:	0	13	6.05234	507	0	49.6298	144.66	143.1
_D:	0	14	5.22988	476	0	49.7968	139.99	139.08
_D:	0	15	5.309	456	0	48.5126	135.01	134.21
_D:	0	16	4.61934	462	0	47.4232	141.74	140.9
_D:	0	17	4.43841	420	0	47.839	140.58	139.75
_D:	0	18	4.21734	420	0	46.8839	140.18	139.32
_D:	0	19	3.90123	439	0	48.1051	143.96	143.23
_D:	0	20	4.51953	440	0	48.5042	142.28	141.37
_D:	0	21	4.61462	443	0	48.7155	146.69	145.84
_D:	0	22	3.42961	388	0	45.4186	133.72	132.99
_D:	0	23	3.37354	369	0	44.3519	139.23	138.37
_D:	0	24	3.70501	427	0	46.289	150.91	150.14
_D:	0	25	3.85433	391	0	46.9291	147.33	146.31
_D:	0	26	3.55209	343	0	45.802	133	132.24
_D:	0	27	2.57508	374	0	43.0232	143.76	142.87
_D:	0	28	2.57012	310	0	43.8969	133.2	132.4
_D:	0	29	2.59738	332	0	42.842	133.21	132.46
_D:	0	30	2.95866	326	0	44.0055	137.13	136.38
_D:	0	31	3.59212	339	0	45.9706	139.13	138.32
_D:	0	32	3.56026	315	0	44.5406	131.65	130.87
_D:	0	33	2.43854	297	0	42.069	128.26	127.5
_D:	0	34	2.30725	257	0	41.7887	126.84	126.12
_D:	0	35	2.41254	298	0	42.7018	134.11	133.33
_D:	0	36	2.24696	295	0	42.0682	135.38	134.62
_D:	0	37	2.01221	280	0	41.9634	136.12	135.32
_D:	0	38	3.13564	319	0	44.4502	136.58	135.76
_D:	0	39	3.54019	345	0	45.0885	144.33	143.59
_D:	0	40	2.94265	278	0	42.6488	125.51	124.7
_D:	0	41	2.61922	275	0	42.4344	127.69	126.86
_D:	0	42	2.62991	294	0	41.6883	136.9	136.09
_D:	0	43	2.33594	293	0	42.1669	136.69	135.91
_D:	0	44	2.1931	250	0	40.2767	132.05	131.28
_D:	0	45	2.30117	263	0	40.6385	133.02	132.22
_D:	0	46	2.45625	270	0	40.2297	131.05	130.34
_D:	0	47	2.55416	254	0	41.2083	127.03	126.31
_D:	0	48	1.76687	269	0	39.866	133.97	133.11
_D:	0	49	1.75978	246	0	39.8019	133.18	132.43
_D:	0	50	1.91248	257	0	40.1841	138.38	137.57
_D:	0	51	1.85397	233	0	40.7074	137.03	136.29
_D:	0	52	2.00025	232	0	39.4752	130.33	129.6
_D:	0	53	1.86199	256	0	40.3776	130.02	129.26
_D:	0	54	1.51366	222	0	38.2366	128.14	127.46
_D:	0	55	1.50776	226	0	37.6658	129.83	129.05
_D:	0	56	1.71009	225	0	38.314	131	130.33
_D:	0	57	1.98876	241	0	38.1812	127.55	126.88
_D:	0	58	1.68373	234	0	39.0028	129.56	128.78
_D:	0	59	1.78645	197	0	38.1723	130.95	130.08
_D:	0	60	1.87025	231	0	38.5099	124.85	124.11
_D:	0	61	1.91144	245	0	38.0982	137.81	137.1
_D:	0	62	1.676	214	0	37.767	128.73	128.04
_D:	0	63	1.16112	170	0	36.7681	116.93	116.25
_D:	0	64	1.73572	212	0	37.5435	128.43	127.64
_D:	0	65	1.64954	208	0	36.9817	123.4	122.61
_D:	0	66	1.34292	188	0	36.9051	125.98	125.26
_D:	0	67	1.78385	202	0	38.1796	127.48	126.78
_D:	0	68	1.49633	211	0	38.0987	133.91	133.2
_D:	0	69	0.842909	159	0	36.5977	121.68	120.92
_D:	0	70	1.22784	194	0	36.258	123.15	122.51
_D:	0	71	1.0128	167	0	36.7113	130.12	129.33
_D:	0	72	1.40204	175	0	36.446	125.81	125.16
_D:	0	73	1.80977	214	0	37.3081	126.59	125.89
_D:	0	74	2.05102	200	0	37.5007	126.01	125.27
_D:	0	75	2.16007	230	0	37.9436	128	127.26
_D:	0	76	2.2863	225	0	37.6282	129.46	128.76
_D:	0	77	2.38447	230	0	38.1577	124.1	123.43
_D:	0	78	1.85178	213	0	36.5034	126.34	125.68
_D:	0	79	1.64176	203	0	37.0206	126.7	125.99
_D:	0	80	1.87143	201	0	37.8732	119.27	118.59
_D:	0	81	1.39855	178	0	36.7546	123.8	123.14
_D:	0	82	1.91644	210	0	36.8279	122.91	122.2
_D:	0	83	1.6423	195	0	36.9504	122.6	121.86
_D:	0	84	1.80422	211	0	36.6235	128.34	127.62
_D:	0	85	1.54845	196	0	36.7249	123.91	123.17
_D:	0	86	1.77726	209	0	36.7287	130.21	129.57
_D:	0	87	2.01703	182	0	36.2812	113.04	112.32
_D:	0	88	1.26133	174	0	36.1329	125.08	124.46
_D:	0	89	1.2137	182	0	35.1364	123.75	123.1
_D:	0	90	1.06413	174	0	35.5512	122.67	121.93
_D:	0	91	1.65571	172	0	36.5251	120.22	119.54
_D:	0	92	1.11145	163	0	35.134	125.24	124.48
_D:	0	93	0.907468	156	0	35.0762	124.09	123.35
_D:	0	94	1.24702	176	0	35.6024	127.88	127.16
_D:	0	95	0.999637	135	0	34.8426	117.58	116.93
_D:	0	96	1.52192	194	0	35.5703	130.63	129.86
_D:	0	97	1.65749	196	0	36.7538	124.79	124.02
_D:	0	98	1.66715	187	0	36.1397	123.85	123.17
_D:	0	99	1.21709	162	0	35.3072	123.18	122.52
_D:	0	100	1.14669	150	0	34.8341	115.71	115.02
_D:	0	101	1.54291	187	0	36.6767	125.73	124.91
_D:	0	102	1.58806	180	0	35.925	125.23	124.6
_D:	0	103	1.15473	155	0	35.4837	120.19	119.46
_D:	0	104	1.38144	179	0	35.5352	125.65	124.91
_D:	0	105	1.25112	172	0	35.0363	125.63	124.95
_D:	0	106	1.10657	151	0	35.0617	117.98	117.34
_D:	0	107	1.32134	155	0	35.0354	119.4	118.72
_D:	0	108	1.19826	156	0	34.7439	123.59	123.02
_D:	0	109	1.23624	168	0	34.9641	127.06	126.36
_D:	0	110	1.24208	149	0	35.0291	116.19	115.62
_D:	0	111	1.2983	145	0	34.57	119.89	119.15
_D:	0	112	1.02943	159	0	34.9735	127.31	126.63
_D:	0	113	1.13524	168	0	35.1983	120.92	120.26
_D:	0	114	1.491	169	0	34.8725	118.96	118.32
_D:	0	115	1.4966	173	0	35.7753	122.87	122.15
_D:	0	116	1.47526	188	0	35.8168	125.44	124.82
_D:	0	117	1.85229	191	0	35.5053	127.99	127.28
_D:	0	118	1.30096	169	0	35.2179	124.98	124.25
_D:	0	119	1.30887	166	0	35.5451	122.32	121.57
_D:	0	120	1.6941	203	0	35.1417	126.54	125.86
_D:	0	121	1.87824	176	0	36.1652	118.3	117.71
_D:	0	122	1.49523	158	0	34.9841	117.03	116.33
_D:	0	123	1.64318	173	0	35.3576	118.73	118.07
_D:	0	124	1.55752	158	0	34.425	128.3	127.62
_D:	0	125	1.29765	155	0	34.1472	115.49	114.9
_D:	0	126	1.76907	179	0	35.6234	123.19	122.57
_D:	0	127	1.07526	141	0	34.3628	126.93	126.2
_D:	0	128	1.20699	158	0	35.1841	114.7	114.06
_D:	0	129	0.840588	152	0	34.0281	124.23	123.43
_D:	0	130	1.20216	159	0	34.4625	124.88	124.22
_D:	0	131	1.31674	175	0	35.2383	127.14	126.52
_D:	0	132	1.52689	189	0	36.1098	129.24	128.54
_D:	0	133	1.43766	153	0	35.6049	117.41	116.57
_D:	0	134	1.22267	159	0	35.8074	119.21	118.57
_D:	0	135	0.894179	156	0	35.3375	121.14	120.35
_D:	0	136	1.07736	147	0	34.5166	120.83	120.07
_D:	0	137	1.18084	160	0	34.8249	126.61	125.96
_D:	0	138	1.17663	171	0	34.3757	126.32	125.72
_D:	0	139	1.09778	156	0	34.6006	119.11	118.53
_D:	0	140	1.03039	139	0	34.1643	119.61	118.96
_D:	0	141	1.62284	187	0	35.3755	122.88	122.15
_D:	0	142	1.09751	135	0	33.9674	122.46	121.8
_D:	0	143	1.15867	148	0	34.0401	120.18	119.56
_D:	0	144	0.806025	140	0	34.1297	120.61	119.92
_D:	0	145	0.707023	133	0	33.953	113.51	112.63
_D:	0	146	0.509779	128	0	33.0627	120.53	119.84
_D:	0	147	1.14445	143	0	34.2738	111.88	111.2
_D:	0	148	1.01101	151	0	34.4788	117.96	117.26
_D:	0	149	1.17275	143	0	34.3051	120.18	119.64
_D:	0	150	0.958776	123	0	33.9006	120.41	119.76
_D:	0	151	0.445652	97	0	32.8463	118.19	117.57
_D:	0	152	0.447168	93	0	33.233	115.78	115.14
_D:	0	153	0.34828	83	0	32.5129	120.49	119.85
_D:	0	154	0.273973	84	0	32.777	117.84	117.13
_D:	0	155	0.3326	88	0	33.287	123.06	122.37
_D:	0	156	0.236463	69	0	33.8094	119.59	118.84
_D:	0	157	0.166618	71	0	33.0443	118.12	117.46
_D:	0	158	0.183115	61	0	33.3083	113.18	112.55
_D:	0	159	0.172007	81	0	33.1302	121.84	121.06
_D:	0	160	0.369399	96	0	33.9698	114.79	114.16
_D:	0	161	0.25775	76	0	33.4952	120.38	119.62
_D:	0	162	0.226696	76	0	33.2917	112.95	112.35
_D:	0	163	0.188254	76	0	33.4886	122.25	121.46
_D:	0	164	0.121734	77	0	33.2896	125.96	125.28
_D:	0	165	0.252984	80	0	34.1524	123.66	122.91
_D:	0	166	0.257362	78	0	33.1808	115.68	115.05
_D:	0	167	0.205164	76	0	33.7932	120.39	119.68
_D:	0	168	0.197803	74	0	33.3622	121.28	120.53
_D:	0	169	0.245623	68	0	33.0027	120.23	119.54
_D:	0	170	0.231578	75	0	34.1431	117.7	117.04
_D:	0	171	0.191002	77	0	34.3531	119.92	119.29
_D:	0	172	0.139865	62	0	34.2946	113.9	113.31
_D:	0	173	0.194122	68	0	33.8445	120.57	119.83
_D:	0	174	0.142771	69	0	33.6072	123.07	122.33
_D:	0	175	0.208313	76	0	33.5798	118.3	117.53
_D:	0	176	0.121752	66	0	34.2142	125.71	125.06
_D:	0	177	0.184666	76	0	34.1142	118.53	117.79
_D:	0	178	0.15016	66	0	33.897	116.59	115.84
_D:	0	179	0.189269	78	0	33.9903	118.77	118.13
_D:	0	180	0.222036	76	0	34.7381	114.7	114.12
_D:	0	181	0.157552	67	0	34.2829	115.42	114.65
_D:	0	182	0.188402	66	0	34.3592	117.54	116.9
_D:	0	183	0.121936	57	0	33.7504	115	114.39
_D:	0	184	0.142994	57	0	34.0571	121.18	120.43
_D:	0	185	0.169363	61	0	34.5007	115.94	115.2
_D:	0	186	0.117445	66	0	34.0898	119.23	118.51
_D:	0	187	0.188056	85	0	34.0598	124.04	123.34
_D:	0	188	0.157647	68	0	33.88	119.19	118.54
_D:	0	189	0.254413	75	0	34.7314	116.19	115.52
_D:	0	190	0.138347	71	0	34.2425	121.7	121.02
_D:	0	191	0.110388	74	0	34.5099	125.53	124.7
_D:	0	192	0.203312	70	0	33.2171	114.02	113.43
_D:	0	193	0.185632	69	0	34.7188	116.61	115.94
_D:	0	194	0.168599	60	0	34.1587	120.34	119.6
_D:	0	195	0.15608	55	0	33.675	111.32	110.66
_D:	0	196	0.0993529	62	0	34.1061	127.06	126.32
_D:	0	197	0.151983	81	0	34.8299	129.79	129.09
_D:	0	198	0.230574	90	0	34.1633	128.88	128.13
_D:	0	199	0.196388	75	0	34.6471	110.22	109.64
_D:	0	200	0.142356	66	0	34.2829	115.38	114.62
_D:	0	201	0.174533	59	0	34.3232	119.45	118.82
_D:	0	202	0.149501	75	0	34.7184	120.56	119.87
_D:	0	203	0.202478	53	0	34.576	113.14	112.48
_D:	0	204	0.174664	62	0	34.3142	123.78	123.04
_D:	0	205	0.162069	63	0	34.4776	121.75	121
_D:	0	206	0.139501	73	0	34.7832	126.03	125.28
_D:	0	207	0.188682	67	0	34.1981	122.03	121.3
_D:	0	208	0.122519	75	0	34.9987	125.59	124.88
_D:	0	209	0.141147	68	0	34.549	126.44	125.65
_D:	0	210	0.196199	69	0	35.3048	120.76	119.98
_D:	0	211	0.170835	56	0	34.0807	119.83	119.15
_D:	0	212	0.0967316	64	0	34.4278	127.85	127.11
_D:	0	213	0.140618	66	0	34.7268	122.76	122.08
_D:	0	214	0.115901	45	0	34.7683	120.03	119.33
_D:	0	215	0.247314	79	0	35.3135	114.8	114.22
_D:	0	216	0.129828	62	0	34.8188	128.76	128.07
_D:	0	217	0.177234	68	0	34.3864	118.87	118.24
_D:	0	218	0.141109	58	0	34.673	112.55	111.88
_D:	0	219	0.136475	74	0	35.1652	129.78	128.98
_D:	0	220	0.171641	56	0	34.975	112.44	111.81
_D:	0	221	0.19849	65	0	34.4638	118.2	117.52
_D:	0	222	0.253225	69	0	34.8755	118.25	117.64
_D:	0	223	0.162089	81	0	34.8003	122.49	121.83
_D:	0	224	0.199675	67	0	34.6703	122.19	121.52
_D:	0	225	0.185881	69	0	34.4099	116.82	116.13
_D:	0	226	0.15076	52	0	34.7362	122.63	121.98
_D:	0	227	0.159053	53	0	34.3654	121.5	120.78
_D:	0	228	0.169913	73	0	34.6734	121.8	121.19
_D:	0	229	0.156594	47	0	34.6085	116.26	115.72
_D:	0	230	0.113285	66	0	34.4157	124.02	123.36
_D:	0	231	0.0968711	60	0	34.4878	121.13	120.47
_D:	0	232	0.19354	74	0	35.8029	113.69	113.09
_D:	0	233	0.115991	75	0	34.8993	123.23	122.52
_D:	0	234	0.156962	54	0	34.8568	121.1	120.41
_D:	0	235	0.144773	72	0	35.2196	132.23	131.5
_D:	0	236	0.14694	63	0	35.0294	129.31	128.53
_D:	0	237	0.144522	62	0	35.4088	112.91	112.25
_D:	0	238	0.124311	71	0	34.7954	121.74	121.1
_D:	0	239	0.206238	69	0	35.0308	118.4	117.8
_D:	0	240	0.161318	64	0	35.4987	124.89	124.18
_D:	0	241	0.147345	64	0	35.3575	128.32	127.62
_D:	0	242	0.208849	69	0	35.1633	122.86	122.18
_D:	0	243	0.130845	58	0	35.6083	124.7	123.98
_D:	0	244	0.191799	74	0	35.6611	119.02	118.29
_D:	0	245	0.167082	67	0	35.4548	126.82	126.04
_D:	0	246	0.0950062	59	0	35.7154	123.12	122.45
_D:	0	247	0.228821	74	0	35.4763	115.97	115.28
_D:	0	248	0.136858	44	0	35.1228	114.77	114.09
_D:	0	249	0.171007	67	0	35.989	121.88	121.22
_D:	0	250	0.162701	57	0	35.6634	117.75	117.13
_D:	0	251	0.146299	68	0	34.9516	119.41	118.71
_D:	0	252	0.111084	55	0	35.2808	114.62	113.98
_D:	0	253	0.0991272	62	0	36.0417	116.35	115.66
_D:	0	254	0.123089	59	0	35.8227	117.64	116.96
_D:	0	255	0.0819861	55	0	35.5162	112.57	111.96
_D:	0	256	0.150129	59	0	35.428	123.41	122.62
_D:	0	257	0.139147	62	0	35.8865	117.73	116.95
_D:	0	258	0.116616	65	0	36.1336	123.94	123.28
_D:	0	259	0.102507	58	0	35.2795	118.05	117.31
_D:	0	260	0.0900621	66	0	35.389	120.34	119.62
_D:	0	261	0.162908	65	0	35.5802	119.28	118.71
_D:	0	262	0.131541	77	0	36.24	121.46	120.75
_D:	0	263	0.106723	63	0	35.8097	120.05	119.36
_D:	0	264	0.122741	69	0	35.4159	119.24	118.57
_D:	0	265	0.117478	56	0	34.5915	123.02	122.33
_D:	0	266	0.100296	61	0	35.5864	121.93	121.27
_D:	0	267	0.0971624	57	0	35.0651	113.95	113.46
_D:	0	268	0.0952015	62	0	36.0112	118.95	118.27
_D:	0	269	0.0692548	59	0	35.7417	125.06	124.31
_D:	0	270	0.0808091	48	0	35.3606	115.52	114.91
_D:	0	271	0.0918904	57	0	35.7599	121.92	121.19
_D:	0	272	0.204797	68	0	36.1904	111.41	110.77
_D:	0	273	0.115022	65	0	35.8518	123.7	122.93
_D:	0	274	0.118646	68	0	35.8993	122.54	121.82
_D:	0	275	0.0842034	54	0	35.8194	120.01	119.24
_D:	0	276	0.159365	69	0	35.9434	123.91	123.19
_D:	0	277	0.125977	72	0	35.4821	115.77	115.07
_D:	0	278	0.11439	63	0	35.3978	122.34	121.59
_D:	0	279	0.134167	70	0	36.238	122.34	121.68
_D:	0	280	0.0989254	68	0	36.0652	120.08	119.34
_D:	0	281	0.114218	51	0	35.4654	115.08	114.41
_D:	0	282	0.0829953	65	0	35.8412	123.75	123.02
_D:	0	283	0.127142	58	0	35.6709	118.03	117.32
_D:	0	284	0.135554	63	0	35.9538	115.63	114.93
_D:	0	285	0.166671	59	0	36.1408	116.24	115.52
_D:	0	286	0.109804	57	0	36.1048	117.84	117.09
_D:	0	287	0.116111	65	0	35.4362	124.48	123.86
_D:	0	288	0.113934	69	0	36.7047	125.33	124.56
_D:	0	289	0.0778247	63	0	35.478	128.22	127.51
_D:	0	290	0.123323	75	0	35.7986	121.52	120.75
_D:	0	291	0.113209	57	0	36.1559	118.84	118.21
_D:	0	292	0.124485	64	0	35.8234	114.93	114.23
_D:	0	293	0.162151	81	0	36.2931	123.1	122.32
_D:	0	294	0.124883	64	0	35.7682	125.43	124.75
_D:	0	295	0.121228	64	0	35.7551	121.37	120.64
_D:	0	296	0.104371	48	0	35.0212	116.61	115.94
_D:	0	297	0.110946	69	0	36.7113	119.33	118.71
_D:	0	298	0.116132	55	0	35.5438	121.04	120.37
_D:	0	299	0.119329	60	0	36.2817	124.08	123.41
