_H:	|batch	|epoch	%avg_sse	%cnt_err	%test_cnt_err	%test_avg_sse	%avg_cycles	%epoch_time_tot	%epoch_time_usr
_D:	0	0	0.638257	473	113	1.45534	37.8005	7.35	7.29
_D:	0	1	0.687602	478	94	1.1963	39.7105	8.05	7.93
_D:	0	2	0.659219	459	115	1.48684	40.9029	7.48	7.37
_D:	0	3	0.670251	494	99	1.28119	42.423	7.48	7.36
_D:	0	4	0.601988	414	116	1.51516	43.986	7.44	7.34
_D:	0	5	0.617332	422	103	1.33551	44.8492	8.6	8.52
_D:	0	6	0.586279	408	87	1.1226	46.0363	8.81	8.71
_D:	0	7	0.504748	346	89	1.16787	46.7472	8.34	8.23
_D:	0	8	0.543317	370	101	1.33167	46.9894	7.99	7.9
_D:	0	9	0.531936	368	85	1.12309	47.366	8.04	7.93
_D:	0	10	0.536275	363	80	1.06598	47.4174	8.33	8.26
_D:	0	11	0.504734	343	83	1.10389	47.3543	8.33	8.2
_D:	0	12	0.520387	351	54	0.7153	47.1115	8.28	8.17
_D:	0	13	0.500487	343	74	0.991264	46.9729	7.97	7.9
_D:	0	14	0.460044	316	53	0.70532	46.3808	8.26	8.17
_D:	0	15	0.448048	302	69	0.906017	45.8194	8.18	8.03
_D:	0	16	0.384567	253	70	0.942831	45.5147	8.06	7.99
_D:	0	17	0.396623	261	96	1.30426	44.8679	8.08	8
_D:	0	18	0.486309	316	56	0.755875	45.3584	7.71	7.64
_D:	0	19	0.455344	296	66	0.882552	45.2601	7.68	7.56
_D:	0	20	0.425485	284	63	0.837169	44.7619	7.85	7.76
_D:	0	21	0.406061	267	68	0.914219	44.1916	7.8	7.69
_D:	0	22	0.416328	269	54	0.730051	43.9577	7.65	7.58
_D:	0	23	0.419224	285	69	0.932515	43.4945	7.48	7.41
_D:	0	24	0.411097	269	66	0.872331	42.7413	7.71	7.67
_D:	0	25	0.334598	215	60	0.814537	41.8802	6.96	6.87
_D:	0	26	0.435234	288	68	0.916972	42.6345	7.53	7.42
_D:	0	27	0.404347	265	53	0.716326	42.8864	7.5	7.42
_D:	0	28	0.408398	263	58	0.781405	42.2254	7.45	7.36
_D:	0	29	0.419734	285	50	0.675029	42.3532	7.27	7.2
_D:	0	30	0.353055	235	52	0.687509	42.0216	7.35	7.27
_D:	0	31	0.350458	243	62	0.819074	41.4681	7.24	7.2
_D:	0	32	0.352087	229	79	1.07583	41.3014	7.21	7.1
_D:	0	33	0.361508	245	50	0.677623	41.146	7.01	6.92
_D:	0	34	0.304763	204	52	0.691045	40.7855	7.43	7.35
_D:	0	35	0.389133	268	55	0.745807	42.0552	7.19	7.08
_D:	0	36	0.364714	232	54	0.7325	41.0067	7.16	7.07
_D:	0	37	0.315193	200	50	0.67599	39.7895	6.75	6.66
_D:	0	38	0.333115	227	51	0.687069	40.0876	7.01	6.93
_D:	0	39	0.352374	229	39	0.52967	40.2806	7.08	6.99
_D:	0	40	0.287865	185	53	0.722012	40.1031	6.82	6.71
_D:	0	41	0.331687	219	48	0.646639	39.876	6.78	6.69
_D:	0	42	0.29234	196	49	0.663471	39.6179	6.92	6.85
_D:	0	43	0.300971	200	64	0.868559	39.7327	6.88	6.79
_D:	0	44	0.319268	198	59	0.790861	39.5885	6.98	6.92
_D:	0	45	0.293255	188	53	0.725498	38.9368	6.7	6.62
_D:	0	46	0.303476	206	58	0.787613	39.2132	6.73	6.64
_D:	0	47	0.374549	247	62	0.847886	40.119	6.83	6.78
_D:	0	48	0.362946	240	63	0.858642	39.6677	7	6.89
_D:	0	49	0.296318	201	69	0.93666	38.9874	6.58	6.52
_D:	0	50	0.336721	229	44	0.59209	39.7079	6.93	6.84
_D:	0	51	0.316047	212	51	0.693475	39.0793	6.55	6.5
_D:	0	52	0.303945	196	58	0.786527	39.1167	6.73	6.65
_D:	0	53	0.272024	189	39	0.528969	38.9388	6.55	6.47
_D:	0	54	0.290951	195	35	0.477682	38.739	6.68	6.62
_D:	0	55	0.29059	185	52	0.710637	39.5017	6.58	6.51
_D:	0	56	0.291764	193	54	0.720048	39.1852	6.63	6.53
_D:	0	57	0.271297	175	30	0.403969	38.412	6.66	6.58
_D:	0	58	0.273593	172	64	0.880008	38.9017	6.81	6.71
_D:	0	59	0.276003	178	38	0.517098	38.968	6.49	6.41
_D:	0	60	0.271179	179	45	0.61693	38.242	6.54	6.43
_D:	0	61	0.283191	185	34	0.46331	38.3796	6.42	6.35
_D:	0	62	0.285583	179	40	0.545101	38.3057	6.51	6.47
_D:	0	63	0.264061	164	30	0.394931	38.0794	6.62	6.54
_D:	0	64	0.293511	192	42	0.569999	38.922	6.75	6.68
_D:	0	65	0.249879	165	59	0.798861	38.3445	6.73	6.65
_D:	0	66	0.305595	195	36	0.488594	38.4971	6.68	6.61
_D:	0	67	0.281922	189	36	0.491139	38.5296	6.6	6.51
_D:	0	68	0.317245	207	63	0.858776	38.4734	6.54	6.49
_D:	0	69	0.283585	180	21	0.285693	38.3679	6.62	6.54
_D:	0	70	0.302046	198	54	0.719428	38.3352	6.46	6.41
_D:	0	71	0.256055	167	43	0.585633	37.9624	6.57	6.47
_D:	0	72	0.271912	179	29	0.388249	38.173	6.45	6.38
_D:	0	73	0.214653	139	52	0.704379	37.6236	6.34	6.27
_D:	0	74	0.273284	177	39	0.532058	37.1871	6.61	6.52
_D:	0	75	0.287743	192	41	0.561656	37.9296	6.49	6.42
_D:	0	76	0.276643	185	42	0.565713	37.8973	6.47	6.4
_D:	0	77	0.274304	186	47	0.64479	37.8652	6.55	6.46
_D:	0	78	0.300784	195	42	0.561996	37.7757	6.43	6.34
_D:	0	79	0.287647	184	44	0.598424	38.2054	6.66	6.6
_D:	0	80	0.232063	153	46	0.610017	37.6217	6.38	6.31
_D:	0	81	0.271925	180	48	0.653915	37.668	6.48	6.38
_D:	0	82	0.267104	176	45	0.612816	37.7298	6.43	6.33
_D:	0	83	0.270795	182	50	0.682481	37.8543	6.43	6.35
_D:	0	84	0.282622	191	38	0.522061	38.2033	6.31	6.22
_D:	0	85	0.251203	164	42	0.572467	37.6841	6.55	6.46
_D:	0	86	0.278676	183	44	0.600253	37.6607	6.63	6.55
_D:	0	87	0.270452	177	57	0.777487	38.1294	6.57	6.5
_D:	0	88	0.251156	167	48	0.644202	38.0751	6.28	6.19
_D:	0	89	0.273249	179	26	0.344168	37.804	6.53	6.44
_D:	0	90	0.287763	195	42	0.571588	38.0824	6.66	6.59
_D:	0	91	0.27333	175	35	0.475299	38.6825	6.5	6.42
_D:	0	92	0.253213	166	32	0.428363	38.1744	6.67	6.55
_D:	0	93	0.24064	165	50	0.65451	37.2988	6.44	6.39
_D:	0	94	0.252827	170	38	0.519737	37.7853	6.65	6.58
_D:	0	95	0.30339	189	53	0.728354	37.7941	6.56	6.49
_D:	0	96	0.248125	160	51	0.686917	38.1549	6.62	6.51
_D:	0	97	0.285751	190	46	0.614046	38.2403	6.52	6.44
_D:	0	98	0.290195	197	46	0.631012	38.0958	6.54	6.46
_D:	0	99	0.301212	204	38	0.504522	38.2795	6.63	6.54
_D:	0	100	0.325489	212	49	0.667788	38.9951	6.69	6.59
_D:	0	101	0.340063	223	48	0.650575	39.1812	6.55	6.48
_D:	0	102	0.269263	177	52	0.708528	38.2484	6.69	6.6
_D:	0	103	0.273205	178	35	0.477953	38.5638	6.6	6.54
_D:	0	104	0.32076	211	44	0.600859	38.7786	6.66	6.57
_D:	0	105	0.242838	159	39	0.534048	38.2343	6.5	6.42
_D:	0	106	0.28981	193	53	0.727861	38.0657	6.6	6.51
_D:	0	107	0.289557	186	33	0.446363	38.5049	6.63	6.54
_D:	0	108	0.256929	166	36	0.489719	38.6015	6.64	6.59
_D:	0	109	0.264672	165	26	0.3569	38.268	6.54	6.48
_D:	0	110	0.219421	141	49	0.665933	37.5782	6.48	6.4
_D:	0	111	0.26884	182	31	0.422526	37.9984	6.71	6.64
_D:	0	112	0.254093	163	41	0.560511	37.9299	6.42	6.32
_D:	0	113	0.280734	189	65	0.890635	38.3748	6.43	6.34
_D:	0	114	0.244573	161	64	0.842571	38.1242	6.74	6.63
_D:	0	115	0.250702	161	48	0.652013	38.0101	6.46	6.4
_D:	0	116	0.287669	186	32	0.416354	38.5493	6.58	6.54
_D:	0	117	0.241607	165	37	0.501163	38.3396	6.53	6.45
_D:	0	118	0.247211	158	28	0.382663	38.1407	6.51	6.44
_D:	0	119	0.250928	164	60	0.823578	37.7642	6.4	6.32
_D:	0	120	0.256653	171	35	0.48004	37.8098	6.64	6.56
_D:	0	121	0.247171	163	50	0.685562	38.3041	6.51	6.42
_D:	0	122	0.293324	189	41	0.551184	38.9427	6.66	6.56
_D:	0	123	0.264828	171	40	0.514819	38.0852	6.58	6.5
_D:	0	124	0.254066	164	48	0.650851	37.8557	6.9	6.83
_D:	0	125	0.237847	157	20	0.272758	38.6183	6.58	6.5
_D:	0	126	0.228388	150	67	0.922027	38.0485	6.39	6.31
_D:	0	127	0.266215	174	27	0.339936	38.0243	6.43	6.35
_D:	0	128	0.271167	176	39	0.534003	37.9594	6.55	6.48
_D:	0	129	0.274427	186	36	0.490478	37.8746	6.68	6.56
_D:	0	130	0.265772	174	39	0.533333	38.3203	6.44	6.39
_D:	0	131	0.279184	181	27	0.368326	38.1758	6.62	6.5
_D:	0	132	0.249063	168	49	0.660462	38.231	6.53	6.4
_D:	0	133	0.26011	171	37	0.507001	38.0715	6.41	6.33
_D:	0	134	0.229647	158	32	0.430751	37.7552	6.6	6.53
_D:	0	135	0.280159	185	26	0.355433	38.3331	6.45	6.35
_D:	0	136	0.269674	179	34	0.453125	38.6731	6.73	6.65
_D:	0	137	0.216283	139	42	0.57318	37.5214	6.56	6.48
_D:	0	138	0.273558	187	34	0.467407	38.1838	6.43	6.35
_D:	0	139	0.307565	203	43	0.579458	38.7854	6.55	6.47
_D:	0	140	0.242633	155	35	0.477416	38.014	6.57	6.49
_D:	0	141	0.28807	187	55	0.753382	38.7299	6.54	6.46
_D:	0	142	0.252471	158	36	0.492494	38.2867	6.57	6.48
_D:	0	143	0.268683	179	53	0.727202	38.5889	6.46	6.35
_D:	0	144	0.259596	170	44	0.606804	38.646	6.51	6.46
_D:	0	145	0.211829	139	34	0.4666	38.3993	6.7	6.62
_D:	0	146	0.266762	170	47	0.644287	38.4005	6.66	6.61
_D:	0	147	0.282934	178	39	0.534361	38.7692	6.59	6.49
_D:	0	148	0.279999	186	29	0.394202	37.8507	6.63	6.54
_D:	0	149	0.272047	180	29	0.397718	38.1453	6.66	6.59
_D:	0	150	0.252585	167	43	0.589385	38.0072	6.41	6.34
_D:	0	151	0.235159	152	30	0.413664	37.9894	6.62	6.54
_D:	0	152	0.280356	184	33	0.454484	38.1457	6.68	6.62
_D:	0	153	0.264698	177	37	0.50718	38.6604	6.57	6.49
_D:	0	154	0.236807	161	32	0.439275	38.0556	6.58	6.48
_D:	0	155	0.260941	173	39	0.51639	38.0194	6.7	6.65
_D:	0	156	0.254215	171	30	0.407033	38.065	6.45	6.38
_D:	0	157	0.291919	190	27	0.368152	38.1544	6.51	6.41
_D:	0	158	0.27298	177	35	0.477996	38.5033	6.73	6.65
_D:	0	159	0.270283	178	67	0.924138	38.4255	6.41	6.31
_D:	0	160	0.266891	173	31	0.416472	38.5373	6.75	6.65
_D:	0	161	0.273345	179	45	0.61412	38.8154	6.6	6.52
_D:	0	162	0.240354	164	49	0.672189	38.3425	6.63	6.53
_D:	0	163	0.23946	160	46	0.630728	38.4936	6.54	6.47
_D:	0	164	0.239513	155	51	0.698052	37.7795	6.69	6.61
_D:	0	165	0.230402	157	26	0.342273	38.8801	6.48	6.39
_D:	0	166	0.269955	178	35	0.478595	38.3653	6.69	6.65
_D:	0	167	0.228045	150	44	0.56187	37.7797	6.82	6.69
_D:	0	168	0.282715	188	32	0.438145	38.7128	6.68	6.64
_D:	0	169	0.282061	177	63	0.863642	38.081	6.88	6.83
_D:	0	170	0.271442	174	25	0.343399	38.0693	6.56	6.48
_D:	0	171	0.242271	154	68	0.929397	37.8304	6.53	6.48
_D:	0	172	0.256367	161	31	0.417739	38.0896	6.79	6.71
_D:	0	173	0.292025	192	48	0.657845	38.8407	6.82	6.73
_D:	0	174	0.258244	167	29	0.395065	38.6062	6.69	6.62
_D:	0	175	0.247319	158	40	0.549519	38.2756	6.55	6.5
_D:	0	176	0.259328	165	47	0.646833	38.0778	6.57	6.5
_D:	0	177	0.2618	178	42	0.577555	38.7807	6.82	6.76
_D:	0	178	0.292861	188	67	0.878621	38.3777	6.71	6.61
_D:	0	179	0.238057	153	38	0.521983	38.3134	6.5	6.4
_D:	0	180	0.232847	145	31	0.414764	38.0492	6.54	6.47
_D:	0	181	0.269867	178	41	0.564609	38.6122	6.64	6.55
_D:	0	182	0.253924	163	30	0.411531	38.4638	6.57	6.51
_D:	0	183	0.24861	165	56	0.754573	38.2848	6.78	6.72
_D:	0	184	0.29741	190	58	0.790235	38.6728	6.54	6.44
_D:	0	185	0.259332	165	34	0.462474	38.0125	6.82	6.69
_D:	0	186	0.263889	174	28	0.38379	39.152	6.53	6.47
_D:	0	187	0.226936	151	33	0.453219	38.5012	6.49	6.4
_D:	0	188	0.254662	167	33	0.450637	37.8362	6.69	6.63
_D:	0	189	0.238201	151	43	0.586924	38.1567	6.81	6.7
_D:	0	190	0.231963	149	38	0.520353	38.1566	6.58	6.49
_D:	0	191	0.232942	150	35	0.479335	38.3402	6.55	6.45
_D:	0	192	0.241931	162	38	0.516164	38.1182	6.58	6.5
_D:	0	193	0.242394	155	32	0.437175	38.0033	6.64	6.58
_D:	0	194	0.272886	184	41	0.556653	38.7169	6.57	6.51
_D:	0	195	0.251704	165	27	0.370066	38.5125	6.66	6.58
_D:	0	196	0.250669	163	37	0.498148	37.5949	6.62	6.56
_D:	0	197	0.263997	173	42	0.577739	38.3333	6.71	6.63
_D:	0	198	0.25942	175	28	0.383695	38.5844	6.55	6.45
_D:	0	199	0.267688	175	45	0.612406	38.624	6.76	6.68
_D:	0	200	0.253321	162	30	0.379377	38.7637	6.65	6.58
_D:	0	201	0.21742	143	25	0.318979	39.36	6.59	6.48
_D:	0	202	0.167218	112	20	0.237296	38.2516	6.56	6.5
_D:	0	203	0.185773	130	23	0.278806	38.8674	6.54	6.48
_D:	0	204	0.171307	118	20	0.25669	38.7202	6.65	6.59
_D:	0	205	0.169775	113	14	0.166182	38.9582	6.61	6.51
_D:	0	206	0.167075	105	12	0.153451	38.9025	6.64	6.56
_D:	0	207	0.171132	116	15	0.191014	39.2271	6.47	6.41
_D:	0	208	0.171811	118	22	0.300514	38.6056	6.6	6.52
_D:	0	209	0.209082	140	21	0.283686	39.0601	6.58	6.46
_D:	0	210	0.167564	111	20	0.261512	38.8908	6.54	6.46
_D:	0	211	0.177644	117	21	0.28103	38.483	6.61	6.56
_D:	0	212	0.130698	89	16	0.216468	38.7898	6.59	6.52
_D:	0	213	0.126005	84	14	0.189146	38.2067	6.56	6.44
_D:	0	214	0.174056	120	21	0.282965	38.7069	6.53	6.49
_D:	0	215	0.154596	106	17	0.224426	38.752	6.59	6.5
_D:	0	216	0.178946	116	11	0.13673	39.0669	6.55	6.48
_D:	0	217	0.162986	108	21	0.286182	38.6435	6.56	6.48
_D:	0	218	0.121993	78	18	0.246418	38.4843	6.59	6.54
_D:	0	219	0.145182	94	15	0.202837	38.4679	6.52	6.44
_D:	0	220	0.139536	92	21	0.284511	38.7861	6.56	6.49
_D:	0	221	0.163173	111	11	0.138949	38.6197	6.53	6.44
_D:	0	222	0.179888	119	9	0.123881	38.8386	6.53	6.44
_D:	0	223	0.165643	108	15	0.200731	38.9114	6.54	6.42
_D:	0	224	0.129073	88	23	0.3154	38.5743	6.48	6.39
_D:	0	225	0.14666	95	22	0.296006	38.5977	6.51	6.44
_D:	0	226	0.161452	102	23	0.29474	38.6228	6.51	6.45
_D:	0	227	0.19148	124	22	0.299404	38.7445	6.53	6.45
_D:	0	228	0.180343	119	7	0.0952421	38.879	6.51	6.41
_D:	0	229	0.152986	103	12	0.161407	38.1279	6.62	6.53
_D:	0	230	0.157391	104	11	0.150345	38.728	6.53	6.46
_D:	0	231	0.133023	87	15	0.20305	38.4525	6.59	6.49
_D:	0	232	0.154581	102	24	0.327703	38.328	6.55	6.49
_D:	0	233	0.136211	87	14	0.190701	38.2192	6.57	6.51
_D:	0	234	0.166437	109	21	0.282584	38.8099	6.67	6.61
_D:	0	235	0.134915	90	11	0.147692	38.5946	6.58	6.5
_D:	0	236	0.158428	103	16	0.213238	38.9918	6.64	6.52
_D:	0	237	0.145188	96	20	0.271387	38.569	6.56	6.49
_D:	0	238	0.158788	105	12	0.161449	38.4798	6.52	6.46
_D:	0	239	0.154546	104	16	0.216776	38.3082	6.54	6.46
_D:	0	240	0.147627	99	12	0.161453	38.2615	6.54	6.48
_D:	0	241	0.118721	77	19	0.259459	38.3066	6.57	6.49
_D:	0	242	0.110142	71	22	0.29913	38.2728	6.56	6.47
_D:	0	243	0.130188	84	13	0.174863	37.8448	6.54	6.45
_D:	0	244	0.143175	91	14	0.19173	38.4281	6.58	6.49
_D:	0	245	0.142041	91	12	0.161663	38.4623	6.52	6.44
_D:	0	246	0.142741	96	17	0.227439	38.5257	6.58	6.5
_D:	0	247	0.158066	97	14	0.191828	38.6601	6.54	6.47
_D:	0	248	0.154183	100	17	0.230406	38.6164	6.57	6.47
_D:	0	249	0.164818	112	16	0.219353	38.8185	6.61	6.54
_D:	0	250	0.184318	120	23	0.310944	38.8352	6.66	6.55
_D:	0	251	0.151233	99	10	0.134723	38.6713	6.57	6.52
_D:	0	252	0.159481	106	15	0.203407	38.6791	6.6	6.53
_D:	0	253	0.124563	80	14	0.185269	38.692	6.6	6.48
_D:	0	254	0.160492	103	9	0.122846	38.8861	6.53	6.46
_D:	0	255	0.142448	93	20	0.271976	38.6018	6.59	6.54
_D:	0	256	0.171643	116	15	0.20329	38.9992	6.61	6.51
_D:	0	257	0.143571	95	21	0.284894	38.7372	6.68	6.62
_D:	0	258	0.157132	105	21	0.287701	38.7933	6.62	6.55
_D:	0	259	0.160948	103	17	0.229382	38.995	6.61	6.52
_D:	0	260	0.16643	113	19	0.255947	38.8728	6.62	6.53
_D:	0	261	0.161107	104	15	0.204266	39.1959	6.57	6.5
_D:	0	262	0.176753	119	19	0.257845	39.1598	6.59	6.52
_D:	0	263	0.176609	118	17	0.232075	39.3524	6.62	6.56
_D:	0	264	0.15071	101	13	0.173415	38.7228	6.64	6.57
_D:	0	265	0.146609	95	14	0.191209	38.6577	6.57	6.49
_D:	0	266	0.173059	115	22	0.300004	39.0128	6.58	6.53
_D:	0	267	0.166545	110	12	0.160218	39.1257	6.67	6.55
_D:	0	268	0.158074	104	9	0.123078	38.8955	6.53	6.46
_D:	0	269	0.168905	114	13	0.175007	39.216	6.67	6.58
_D:	0	270	0.139307	93	12	0.159377	38.6325	6.7	6.63
_D:	0	271	0.168248	108	7	0.0956854	39.3918	6.59	6.53
_D:	0	272	0.165089	106	13	0.171497	38.9925	6.72	6.65
_D:	0	273	0.18353	125	7	0.087685	39.3262	6.68	6.62
_D:	0	274	0.127653	85	12	0.164383	39.358	6.66	6.61
_D:	0	275	0.153412	97	17	0.230169	38.5703	6.64	6.53
_D:	0	276	0.213665	142	12	0.16475	39.8845	6.6	6.5
_D:	0	277	0.177842	120	15	0.205815	39.4513	6.63	6.57
_D:	0	278	0.159636	107	18	0.244664	39.2052	6.68	6.6
_D:	0	279	0.154041	103	10	0.137035	39.4822	6.57	6.52
_D:	0	280	0.146932	97	15	0.204129	39.205	6.7	6.65
_D:	0	281	0.133808	87	7	0.0940901	38.9734	6.63	6.56
_D:	0	282	0.126577	83	20	0.27013	38.9277	6.7	6.62
_D:	0	283	0.182174	119	14	0.190111	39.2961	6.61	6.54
_D:	0	284	0.149238	98	16	0.213069	39.2207	6.63	6.53
_D:	0	285	0.114989	75	19	0.258267	39.2387	6.65	6.6
_D:	0	286	0.184307	128	14	0.187781	39.4738	6.72	6.65
_D:	0	287	0.150335	100	27	0.366721	39.467	6.7	6.63
_D:	0	288	0.170282	113	24	0.323621	39.3857	6.73	6.67
_D:	0	289	0.146027	95	21	0.286061	39.1596	6.7	6.62
_D:	0	290	0.183167	117	9	0.122361	39.3336	6.69	6.62
_D:	0	291	0.125827	83	16	0.218892	39.183	6.69	6.63
_D:	0	292	0.139287	91	16	0.21915	39.1623	6.67	6.59
_D:	0	293	0.162333	109	17	0.233287	39.4364	6.65	6.58
_D:	0	294	0.134603	88	11	0.150846	38.9886	6.59	6.54
_D:	0	295	0.1515	97	13	0.166187	38.9752	6.65	6.59
_D:	0	296	0.122282	79	11	0.148522	38.981	6.69	6.6
_D:	0	297	0.178334	119	14	0.190025	39.9514	6.67	6.61
_D:	0	298	0.115208	77	21	0.285531	39.0807	6.72	6.65
_D:	0	299	0.148128	99	19	0.258016	39.793	6.66	6.6
_D:	0	300	0.167495	111	15	0.203888	39.587	6.64	6.56
_D:	0	301	0.167175	112	12	0.164566	39.4155	6.67	6.6
_D:	0	302	0.145257	94	11	0.148914	39.8732	6.68	6.61
_D:	0	303	0.156802	102	11	0.149548	39.5368	6.76	6.68
_D:	0	304	0.114359	71	23	0.314208	39.2584	6.69	6.65
_D:	0	305	0.150486	97	12	0.164199	39.4619	6.69	6.63
_D:	0	306	0.223903	146	11	0.148964	40.0383	6.79	6.7
_D:	0	307	0.161992	107	18	0.247532	39.9468	6.67	6.59
_D:	0	308	0.158391	106	11	0.148977	39.9019	6.71	6.65
_D:	0	309	0.14552	96	19	0.260421	39.6341	6.75	6.64
_D:	0	310	0.186631	132	13	0.177664	40.1184	6.8	6.72
_D:	0	311	0.159317	108	16	0.219253	39.652	6.78	6.73
_D:	0	312	0.182532	123	14	0.186584	40.0637	6.77	6.71
_D:	0	313	0.145387	95	10	0.13673	39.6819	6.72	6.66
_D:	0	314	0.166022	111	21	0.285494	39.9037	6.82	6.74
_D:	0	315	0.14876	100	16	0.219525	39.7292	6.77	6.67
_D:	0	316	0.173831	115	17	0.229986	40.1227	6.76	6.65
_D:	0	317	0.173978	114	15	0.202812	40.0476	6.79	6.73
_D:	0	318	0.153289	101	20	0.268866	39.8659	6.69	6.64
_D:	0	319	0.12689	84	17	0.224248	39.7052	6.73	6.63
_D:	0	320	0.196952	134	14	0.190682	40.3569	6.79	6.72
_D:	0	321	0.155543	107	10	0.136992	40.0306	6.73	6.64
_D:	0	322	0.168281	115	17	0.221644	40.2211	6.76	6.65
_D:	0	323	0.183621	123	19	0.258934	40.2139	6.84	6.72
_D:	0	324	0.162602	102	15	0.204061	40.0773	6.8	6.73
_D:	0	325	0.170101	111	18	0.24169	40.0265	6.75	6.7
_D:	0	326	0.139277	89	13	0.17512	39.8059	6.71	6.62
_D:	0	327	0.127318	83	11	0.148485	39.9709	6.72	6.66
_D:	0	328	0.142016	95	22	0.300451	39.4917	6.81	6.76
_D:	0	329	0.157101	107	18	0.244397	39.7225	6.73	6.67
_D:	0	330	0.170739	113	23	0.310827	40.2989	6.87	6.78
_D:	0	331	0.194986	129	17	0.229561	40.3491	6.82	6.76
_D:	0	332	0.156653	108	16	0.217363	39.9101	6.81	6.77
_D:	0	333	0.167843	114	16	0.216434	39.8699	6.82	6.72
_D:	0	334	0.188305	124	24	0.319809	39.9249	6.76	6.67
_D:	0	335	0.161011	105	10	0.137261	40.3778	6.71	6.62
_D:	0	336	0.169973	112	12	0.156501	40.4679	6.76	6.67
_D:	0	337	0.17992	119	22	0.290372	40.6062	6.75	6.66
_D:	0	338	0.167845	108	19	0.243869	40.4438	6.8	6.7
_D:	0	339	0.189272	127	12	0.160591	40.1033	6.81	6.74
_D:	0	340	0.157465	106	19	0.250357	40.1113	6.82	6.74
_D:	0	341	0.147113	100	14	0.188548	40.4296	6.79	6.7
_D:	0	342	0.135064	91	19	0.257608	40.2629	6.86	6.74
_D:	0	343	0.163064	112	21	0.283466	40.0998	6.86	6.77
_D:	0	344	0.1394	90	15	0.200855	40.1282	6.81	6.72
_D:	0	345	0.133543	88	11	0.143622	40.1678	6.78	6.66
_D:	0	346	0.16136	105	23	0.310141	40.1863	6.85	6.75
_D:	0	347	0.142271	92	18	0.245037	40.434	6.85	6.75
_D:	0	348	0.19371	131	16	0.214718	40.2686	6.77	6.7
_D:	0	349	0.161557	109	21	0.286965	39.9241	6.81	6.74
_D:	0	350	0.147221	99	16	0.219747	39.9177	6.79	6.72
_D:	0	351	0.185578	122	14	0.188339	40.8474	6.89	6.8
_D:	0	352	0.178465	122	19	0.258488	40.5306	6.82	6.72
_D:	0	353	0.236153	161	14	0.186152	40.9067	6.9	6.82
_D:	0	354	0.155649	106	14	0.187124	40.3936	6.91	6.78
_D:	0	355	0.176624	117	13	0.176653	40.5569	6.79	6.72
_D:	0	356	0.163201	106	17	0.22834	40.5717	6.83	6.75
_D:	0	357	0.194081	131	21	0.283246	40.6777	6.86	6.77
_D:	0	358	0.165874	109	16	0.217299	40.6997	6.95	6.86
_D:	0	359	0.158886	105	19	0.247182	40.2799	6.93	6.83
_D:	0	360	0.181542	123	23	0.306086	40.7307	6.89	6.82
_D:	0	361	0.182676	118	25	0.340735	40.564	6.87	6.79
_D:	0	362	0.183985	120	19	0.258943	40.5286	6.88	6.79
_D:	0	363	0.200308	133	11	0.150392	41.17	6.95	6.84
_D:	0	364	0.185985	125	8	0.109031	40.9768	6.93	6.85
_D:	0	365	0.119523	81	12	0.16248	40.8244	6.92	6.81
_D:	0	366	0.208519	139	21	0.283503	41.2392	6.99	6.91
_D:	0	367	0.19171	129	21	0.276408	41.0152	7.07	6.95
_D:	0	368	0.178993	120	13	0.172754	40.7775	6.98	6.92
_D:	0	369	0.213448	141	14	0.188017	40.9518	6.92	6.84
_D:	0	370	0.174436	117	16	0.216437	41.4588	6.98	6.88
_D:	0	371	0.167098	111	18	0.245334	40.7624	6.88	6.8
_D:	0	372	0.1441	93	18	0.24425	40.9221	6.92	6.84
_D:	0	373	0.183133	123	14	0.177638	41.101	6.96	6.88
_D:	0	374	0.179116	120	13	0.177805	40.8324	6.87	6.77
_D:	0	375	0.160174	105	20	0.272651	40.8583	6.98	6.87
_D:	0	376	0.18878	127	20	0.274366	41.5773	6.92	6.84
_D:	0	377	0.16837	110	18	0.244267	41.0263	6.98	6.87
_D:	0	378	0.183058	114	16	0.218866	40.9076	6.95	6.84
_D:	0	379	0.161433	104	19	0.258518	41.3035	6.95	6.86
_D:	0	380	0.188973	126	23	0.307278	41.1431	6.92	6.8
_D:	0	381	0.146975	94	18	0.24449	40.3227	6.92	6.81
_D:	0	382	0.166132	107	20	0.262041	41.0369	6.86	6.77
_D:	0	383	0.1541	101	15	0.201695	41.1298	6.9	6.84
_D:	0	384	0.177999	119	31	0.42426	41.254	6.95	6.83
_D:	0	385	0.171398	115	25	0.341062	41.2944	7	6.95
_D:	0	386	0.158135	106	16	0.218313	41.0472	6.95	6.82
_D:	0	387	0.15768	98	18	0.238188	41.3807	6.91	6.82
_D:	0	388	0.136478	89	17	0.231208	40.6348	6.95	6.84
_D:	0	389	0.176774	115	22	0.299932	41.1256	6.98	6.88
_D:	0	390	0.20111	138	15	0.198984	41.504	6.92	6.88
_D:	0	391	0.172857	113	13	0.166328	41.4182	6.91	6.83
_D:	0	392	0.147576	96	16	0.214829	41.3574	6.92	6.82
_D:	0	393	0.195613	130	23	0.313661	41.3113	6.99	6.93
_D:	0	394	0.174531	113	18	0.24606	41.4552	6.96	6.89
_D:	0	395	0.170146	110	17	0.2255	41.0712	6.89	6.82
_D:	0	396	0.185746	120	23	0.303709	41.2122	6.94	6.81
_D:	0	397	0.158072	104	11	0.150981	41.1317	6.94	6.83
_D:	0	398	0.217762	134	16	0.218762	41.763	7.03	6.94
_D:	0	399	0.187634	123	21	0.278588	41.3314	7.03	6.96
