_H:	|batch	|epoch	%avg_sse	%cnt_err	%sum_name_err	%avg_ext_rew	%avg_cycles	%epoch_time_tot	%epoch_time_usr	%Ortho__Fm_Ortho_net_rel	%Ortho__Fm_Hidden_net_rel	%Hidden_Fm_Phon_net_rel	%Hidden_Fm_Ortho__net_rel	%Ortho__net_max	%Hidden_net_max	%Phon_net_max	%max_Hidden_act_avg	%max_Ortho__act_avg
_D:	0	0	14.1038	1006	1006	0	51.6511	226.98	225.73	0.642876	0.357124	0.476953	0.523047	0.507155	0.456712	0.57204	0.791831	0.257123
_D:	0	1	10.7152	952	943	0	51.3914	198.12	196.83	0.610947	0.389053	0.506313	0.493686	0.516846	0.532991	0.740866	0.878161	0.348673
_D:	0	2	9.18219	946	926	0	53.555	196.74	195.58	0.564889	0.435111	0.507296	0.492704	0.544341	0.566017	0.81666	0.876516	0.47821
_D:	0	3	8.03221	1066	1031	0	53.72	225.79	224.55	0.537992	0.462008	0.506537	0.493464	0.552376	0.571148	0.809785	0.862174	0.444075
_D:	0	4	7.6671	938	898	0	52.4421	201.48	200.4	0.527307	0.472693	0.508768	0.491232	0.552761	0.560619	0.764188	0.838754	0.419001
_D:	0	5	7.63616	1024	972	0	53.8606	225.94	224.57	0.526421	0.473579	0.507056	0.492945	0.548985	0.548694	0.699707	0.787669	0.336361
_D:	0	6	7.44246	985	926	0	53.1691	226.68	225.39	0.525039	0.474961	0.498267	0.501733	0.539386	0.541152	0.639294	0.641952	0.321716
_D:	0	7	7.17523	973	918	0	54.9921	232.54	231.28	0.541091	0.458909	0.495712	0.504288	0.526254	0.52094	0.55482	0.578107	0.293385
_D:	0	8	7.82774	938	898	0	55.9908	231.69	230.24	0.55022	0.44978	0.48603	0.51397	0.509725	0.507066	0.497573	0.493019	0.23552
_D:	0	9	7.99949	951	913	0	57.2883	243.48	241.84	0.558978	0.441022	0.475929	0.524071	0.497738	0.48498	0.437507	0.447215	0.231764
_D:	0	10	7.54108	929	899	0	57.7143	247.97	246.36	0.555667	0.444333	0.460234	0.539766	0.49018	0.468241	0.395667	0.367754	0.227626
_D:	0	11	8.03894	938	905	0	56.7901	245.58	244.22	0.549336	0.450664	0.456569	0.543431	0.490043	0.453205	0.385621	0.317912	0.205756
_D:	0	12	7.08933	887	850	0	56.925	231.05	229.7	0.543518	0.456482	0.454348	0.545652	0.486268	0.445861	0.384384	0.295547	0.214629
_D:	0	13	7.80078	919	888	0	55.9628	236.07	234.85	0.535415	0.464585	0.454738	0.545261	0.491902	0.435408	0.390445	0.368653	0.209488
_D:	0	14	6.64318	798	765	0	55.4732	217.97	216.24	0.525256	0.474744	0.45063	0.54937	0.484703	0.434745	0.397383	0.292215	0.212588
_D:	0	15	7.21237	831	798	0	55.5848	218.41	217.25	0.522966	0.477034	0.456245	0.543755	0.487206	0.43065	0.408254	0.305426	0.235714
_D:	0	16	6.79811	842	815	0	55.6263	223.06	221.66	0.523661	0.476339	0.463555	0.536444	0.489701	0.423991	0.407483	0.313868	0.217732
_D:	0	17	6.93131	882	848	0	56.2636	230.34	229.25	0.522676	0.477324	0.467356	0.532644	0.487102	0.421988	0.410062	0.337519	0.21731
_D:	0	18	6.21953	828	794	0	55.6888	222.58	221.26	0.522702	0.477298	0.468291	0.531709	0.484513	0.421988	0.408817	0.342493	0.213511
_D:	0	19	6.57457	794	756	0	54.9937	212.49	211.15	0.524496	0.475504	0.474101	0.525899	0.488758	0.417741	0.407625	0.300906	0.219128
_D:	0	20	6.91849	875	847	0	56.2524	234.84	233.61	0.522013	0.477987	0.477375	0.522625	0.489739	0.410832	0.408748	0.332374	0.225983
_D:	0	21	6.23463	839	807	0	55.1178	226.03	224.66	0.52246	0.47754	0.475776	0.524224	0.485824	0.408205	0.407108	0.348746	0.233642
_D:	0	22	6.13655	782	750	0	55.4433	215.87	214.7	0.523045	0.476955	0.472313	0.527687	0.484801	0.406445	0.405234	0.382137	0.207279
_D:	0	23	6.13	799	758	0	55.3509	215.95	214.64	0.521999	0.478001	0.47736	0.52264	0.48919	0.404996	0.411742	0.363621	0.227064
_D:	0	24	6.34817	797	763	0	56.4261	215.64	213.84	0.518472	0.481528	0.478748	0.521252	0.490834	0.40141	0.418655	0.362482	0.190993
_D:	0	25	5.6697	800	754	0	55.4315	218.47	217.21	0.521341	0.478659	0.476159	0.523841	0.485527	0.403362	0.415487	0.385616	0.210591
_D:	0	26	5.33014	743	689	0	56.5407	207.76	206.45	0.52017	0.47983	0.478041	0.521959	0.488246	0.400141	0.425321	0.42365	0.20357
_D:	0	27	5.43442	779	697	0	59.9135	209.39	208.07	0.518261	0.481739	0.47679	0.52321	0.489278	0.396964	0.430589	0.540951	0.248597
_D:	0	28	5.07256	791	689	0	63.5639	208.63	207.3	0.520256	0.479744	0.479212	0.520788	0.491508	0.402137	0.436665	0.652095	0.219976
_D:	0	29	4.91326	762	655	0	63.7673	204.54	203.08	0.520189	0.479811	0.481512	0.518488	0.493448	0.404027	0.44254	0.502733	0.219809
_D:	0	30	5.43288	844	743	0	64.0915	222.31	220.87	0.519071	0.480929	0.483049	0.516951	0.492032	0.40381	0.443607	0.464294	0.225308
_D:	0	31	4.78523	755	693	0	62.967	217.2	215.38	0.517963	0.482037	0.482738	0.517262	0.487569	0.405419	0.442061	0.470098	0.221692
_D:	0	32	4.75619	776	710	0	60.8537	219.71	218.33	0.519367	0.480633	0.486238	0.513762	0.488697	0.405135	0.441384	0.434213	0.213958
_D:	0	33	4.97281	727	679	0	57.8126	207.94	206.1	0.517523	0.482477	0.487164	0.512836	0.486106	0.406349	0.441242	0.416199	0.225915
_D:	0	34	4.937	768	721	0	54.4619	213.63	212.39	0.519531	0.480469	0.493983	0.506017	0.486225	0.406314	0.438193	0.422212	0.218203
_D:	0	35	4.9592	730	676	0	52.5133	202.13	200.98	0.519532	0.480468	0.499476	0.500524	0.485538	0.410253	0.439699	0.433879	0.197553
_D:	0	36	4.83087	745	695	0	51.5318	202.58	201.24	0.518101	0.481899	0.505897	0.494103	0.486733	0.415136	0.445723	0.578876	0.237635
_D:	0	37	4.93108	720	669	0	51.628	195.77	194.48	0.518757	0.481243	0.517419	0.482581	0.4911	0.417483	0.453306	0.604098	0.203245
_D:	0	38	5.17931	746	694	0	52.0597	200.53	199.41	0.514313	0.485687	0.523294	0.476706	0.489429	0.423328	0.458928	0.61687	0.221454
_D:	0	39	5.05981	766	720	0	51.4724	206.92	205.72	0.513673	0.486327	0.532138	0.467862	0.494208	0.426795	0.469954	0.641062	0.237416
_D:	0	40	4.00268	677	625	0	50.7317	195.68	194.64	0.510699	0.489301	0.53351	0.46649	0.489016	0.433848	0.494062	0.746615	0.234653
_D:	0	41	4.20717	615	567	0	50.2755	184.82	183.96	0.505272	0.494728	0.529268	0.470732	0.488373	0.437575	0.514455	0.675445	0.257792
_D:	0	42	4.01591	629	576	0	49.8494	185.01	183.8	0.508649	0.491351	0.533693	0.466307	0.490663	0.437501	0.527012	0.656641	0.22597
_D:	0	43	3.76792	614	550	0	48.0316	185.1	184.13	0.507932	0.492068	0.53383	0.46617	0.490848	0.439602	0.542679	0.636215	0.221914
_D:	0	44	3.71216	629	571	0	48.5444	193.98	192.97	0.50866	0.49134	0.534257	0.465743	0.491014	0.440289	0.545951	0.650244	0.252292
_D:	0	45	3.66514	620	568	0	48.2975	190.17	189.16	0.506756	0.493244	0.529034	0.470967	0.489337	0.442804	0.552913	0.621831	0.262927
_D:	0	46	3.74146	594	558	0	48.5261	185.29	184.33	0.508817	0.491183	0.526671	0.473329	0.485317	0.440142	0.544387	0.588857	0.231804
_D:	0	47	3.86612	627	573	0	48.6735	194.78	193.54	0.506467	0.493533	0.521985	0.478015	0.485287	0.437323	0.543113	0.612372	0.211008
_D:	0	48	3.64576	582	542	0	48.2256	191.81	190.73	0.506931	0.493069	0.523477	0.476523	0.484127	0.435042	0.535254	0.504454	0.2761
_D:	0	49	3.60033	596	547	0	47.4086	198.12	196.91	0.511148	0.488852	0.525852	0.474148	0.483218	0.433261	0.521597	0.542385	0.2144
_D:	0	50	3.3375	557	504	0	47.0421	192.67	191.56	0.509619	0.490381	0.521079	0.478921	0.479867	0.434417	0.51713	0.513787	0.212073
_D:	0	51	3.597	591	554	0	47.9522	194.99	193.83	0.512364	0.487636	0.522694	0.477306	0.480779	0.43091	0.508668	0.501807	0.210212
_D:	0	52	3.56263	580	542	0	47.9641	194.28	193.04	0.516893	0.483107	0.522094	0.477906	0.478774	0.429542	0.498243	0.509257	0.231172
_D:	0	53	3.35203	522	493	0	46.9245	190.49	189.28	0.51532	0.48468	0.521299	0.478701	0.475768	0.427034	0.496958	0.506676	0.244654
_D:	0	54	3.69735	577	552	0	48.2045	189.55	188.38	0.515832	0.484168	0.523837	0.476163	0.478727	0.422254	0.496363	0.546448	0.221482
_D:	0	55	3.40753	576	531	0	47.9502	193.96	192.78	0.51598	0.48402	0.520107	0.479893	0.474374	0.42453	0.490077	0.484611	0.224747
_D:	0	56	3.00491	552	501	0	47.2167	191.93	190.72	0.516713	0.483288	0.519295	0.480705	0.472711	0.421473	0.484831	0.518806	0.224727
_D:	0	57	2.79056	492	457	0	45.7762	188.29	187.1	0.518303	0.481697	0.516669	0.483331	0.465874	0.422796	0.479388	0.538738	0.234584
_D:	0	58	3.22069	538	504	0	47.7583	189.21	188.08	0.520247	0.479753	0.523955	0.476045	0.473779	0.417083	0.483394	0.516157	0.213425
_D:	0	59	3.27194	537	510	0	47.2495	190.61	189.43	0.52127	0.47873	0.52207	0.47793	0.469754	0.416146	0.480771	0.526935	0.206301
_D:	0	60	3.06082	506	478	0	46.9803	182.46	181.09	0.522854	0.477146	0.523523	0.476477	0.470189	0.412967	0.480058	0.520403	0.234778
_D:	0	61	3.28214	543	509	0	47.6992	185.34	184.25	0.523928	0.476072	0.52138	0.47862	0.466788	0.414131	0.476077	0.503459	0.207657
_D:	0	62	2.84884	496	453	0	47.2288	192.41	191.21	0.523373	0.476627	0.519512	0.480488	0.464653	0.412122	0.474229	0.526528	0.22315
_D:	0	63	2.82304	493	463	0	47.0997	184.2	183.1	0.525297	0.474703	0.523009	0.476991	0.46845	0.4087	0.478071	0.501211	0.218026
_D:	0	64	2.83207	501	461	0	46.7772	190.73	189.59	0.52225	0.477751	0.520953	0.479046	0.462737	0.410963	0.475301	0.527544	0.226078
_D:	0	65	2.84842	450	413	0	46.8204	179.69	178.55	0.524676	0.475324	0.521322	0.478678	0.45898	0.411691	0.469728	0.510868	0.232693
_D:	0	66	2.76264	456	428	0	46.9635	178.75	177.76	0.524753	0.475247	0.520414	0.479586	0.459107	0.409205	0.467226	0.526034	0.219
_D:	0	67	2.76203	493	463	0	46.6977	188.6	187.53	0.525422	0.474578	0.520663	0.479337	0.461053	0.407697	0.470025	0.538687	0.217204
_D:	0	68	2.81809	458	422	0	47.154	176.4	175.22	0.522473	0.477527	0.52121	0.47879	0.45938	0.405654	0.470571	0.54336	0.196649
_D:	0	69	2.76595	449	418	0	46.7939	170.97	169.85	0.522654	0.477346	0.520161	0.479839	0.456976	0.403464	0.468131	0.529498	0.214465
_D:	0	70	2.6839	460	423	0	47.5783	181.34	180.29	0.524006	0.475993	0.521151	0.478849	0.459339	0.399155	0.466851	0.543412	0.217936
_D:	0	71	2.46761	467	431	0	46.5528	177.84	176.91	0.525135	0.474865	0.522871	0.477129	0.456884	0.407798	0.466773	0.560506	0.195212
_D:	0	72	2.54689	454	425	0	46.7965	179.99	179.04	0.520767	0.479233	0.52373	0.47627	0.457929	0.406634	0.471835	0.565555	0.201724
_D:	0	73	2.67556	460	421	0	46.9631	180.66	179.61	0.518317	0.481682	0.519019	0.480981	0.450074	0.409044	0.469724	0.538643	0.207407
_D:	0	74	2.58818	464	426	0	46.7093	183.92	182.93	0.520859	0.479141	0.520551	0.479449	0.452993	0.405716	0.467923	0.527006	0.195435
_D:	0	75	2.61747	429	399	0	47.4243	177.82	176.75	0.523015	0.476985	0.526563	0.473437	0.457866	0.401413	0.47277	0.586957	0.222717
_D:	0	76	2.50992	442	411	0	47.095	183.73	182.45	0.520581	0.479419	0.520809	0.479191	0.453301	0.400535	0.473873	0.573692	0.229191
_D:	0	77	2.16815	375	340	0	46.611	162.48	161.54	0.520245	0.479755	0.521165	0.478835	0.454038	0.400505	0.476413	0.618897	0.210239
_D:	0	78	2.15564	396	356	0	47.47	176.3	175.23	0.519682	0.480318	0.521837	0.478163	0.455686	0.402172	0.482055	0.613913	0.223899
_D:	0	79	2.31506	413	371	0	48.2996	169	167.91	0.521332	0.478668	0.526176	0.473824	0.457883	0.400509	0.488872	0.600729	0.227838
_D:	0	80	2.06555	409	366	0	48.7788	177.39	176.38	0.520191	0.479809	0.523257	0.476743	0.455845	0.400196	0.492103	0.656693	0.221762
_D:	0	81	2.43723	412	346	0	50.7972	167.11	166.05	0.518128	0.481872	0.520379	0.479621	0.453916	0.403344	0.496565	0.741286	0.219132
_D:	0	82	2.17332	436	351	0	52.8051	177.49	176.12	0.515327	0.484673	0.525023	0.474977	0.457017	0.401969	0.510069	0.735689	0.207826
_D:	0	83	2.07329	448	352	0	55.1497	173.22	172.08	0.513858	0.486142	0.524674	0.475326	0.459168	0.402313	0.52216	0.766061	0.219406
_D:	0	84	2.28025	465	363	0	56.7979	178.1	176.84	0.512325	0.487675	0.526225	0.473775	0.460917	0.404052	0.531948	0.703096	0.221757
_D:	0	85	2.25999	501	387	0	55.8987	187.86	186.7	0.51076	0.48924	0.524703	0.475297	0.458718	0.403228	0.536114	0.729758	0.209058
_D:	0	86	2.1728	457	355	0	56.7346	179.36	178.13	0.508999	0.491001	0.524458	0.475542	0.459268	0.406531	0.543168	0.734198	0.225246
_D:	0	87	2.02494	445	342	0	55.9335	178.37	177.13	0.507932	0.492068	0.528782	0.471218	0.460167	0.407768	0.552139	0.813837	0.219083
_D:	0	88	2.11967	466	376	0	55.5169	180.36	179.19	0.508159	0.491841	0.531047	0.468953	0.464108	0.406346	0.563987	0.786908	0.206123
_D:	0	89	1.9615	410	334	0	54.2829	170.72	169.68	0.507126	0.492874	0.527191	0.472809	0.461562	0.409385	0.56794	0.807532	0.215903
_D:	0	90	2.05652	423	349	0	53.0254	181.01	179.81	0.505396	0.494604	0.523501	0.476499	0.460697	0.410199	0.568883	0.801378	0.219641
_D:	0	91	2.05843	447	388	0	51.0936	171.71	170.55	0.505189	0.494811	0.527376	0.472624	0.459287	0.412486	0.570258	0.817795	0.211391
_D:	0	92	1.68564	404	342	0	47.411	174.4	173.29	0.503644	0.496356	0.526737	0.473263	0.46123	0.414131	0.577038	0.857856	0.21988
_D:	0	93	1.43206	356	289	0	45.0938	162.56	161.36	0.503008	0.496992	0.529355	0.470645	0.46243	0.416182	0.588245	0.857173	0.219494
_D:	0	94	1.85406	409	356	0	45.0995	172.74	171.78	0.502682	0.497318	0.528868	0.471132	0.457758	0.418859	0.59216	0.870685	0.230111
_D:	0	95	1.75992	365	310	0	44.8349	167.64	166.49	0.498165	0.501835	0.52472	0.47528	0.455902	0.421568	0.595004	0.882436	0.282435
_D:	0	96	1.74116	402	330	0	44.7874	167.49	166.45	0.498999	0.501001	0.533222	0.466778	0.462655	0.423195	0.601219	0.88561	0.291713
_D:	0	97	1.64832	416	348	0	44.8785	175.76	174.68	0.496701	0.503299	0.53265	0.46735	0.459843	0.426973	0.586455	0.889735	0.245945
_D:	0	98	2.08385	451	383	0	45.1202	168.85	167.68	0.495585	0.504415	0.530637	0.469363	0.464814	0.428201	0.589797	0.88856	0.267504
_D:	0	99	1.70208	407	304	0	43.7617	165.99	164.92	0.492165	0.507835	0.525733	0.474267	0.46122	0.430511	0.59067	0.884727	0.330372
_D:	0	100	1.6375	395	322	0	43.7719	162.89	160.85	0.492215	0.507785	0.527077	0.472923	0.467529	0.429705	0.598318	0.880873	0.319042
_D:	0	101	1.47731	379	296	0	43.7207	168.3	166.07	0.48843	0.51157	0.524317	0.475683	0.466983	0.430997	0.606375	0.877894	0.341931
_D:	0	102	1.39977	398	309	0	44.2727	171.34	169.27	0.487826	0.512174	0.527515	0.472485	0.467212	0.429515	0.593325	0.880892	0.339148
_D:	0	103	1.62325	376	310	0	43.8244	164.68	162.63	0.485084	0.514916	0.522049	0.477951	0.467901	0.430171	0.597089	0.878466	0.342718
_D:	0	104	1.5797	376	303	0	43.2404	174.72	172.61	0.482217	0.517783	0.521309	0.478691	0.468554	0.430941	0.597714	0.867974	0.330647
_D:	0	105	1.58418	339	275	0	43.7861	171.87	169.73	0.483822	0.516178	0.527678	0.472321	0.47289	0.427758	0.600796	0.864429	0.314357
_D:	0	106	1.57873	333	276	0	43.2743	170.64	168.62	0.482063	0.517937	0.518611	0.481389	0.468749	0.428211	0.584563	0.862683	0.340249
_D:	0	107	1.74849	393	325	0	44.0738	173.73	171.52	0.482776	0.517224	0.52126	0.47874	0.468933	0.424366	0.584974	0.855112	0.372005
_D:	0	108	1.30542	345	278	0	43.036	172.2	169.94	0.48174	0.51826	0.520526	0.479474	0.470368	0.42522	0.584762	0.859883	0.304526
_D:	0	109	1.66253	358	302	0	43.7714	171.76	169.84	0.483793	0.516207	0.523248	0.476752	0.472924	0.423305	0.587288	0.849808	0.279879
_D:	0	110	1.40132	337	289	0	43.6406	168.18	166.1	0.477222	0.522778	0.516927	0.483073	0.466309	0.426052	0.586368	0.849176	0.299524
_D:	0	111	1.63996	298	252	0	43.3542	160.6	158.58	0.482239	0.517761	0.521783	0.478217	0.469629	0.421469	0.586156	0.845812	0.270607
_D:	0	112	1.5889	321	282	0	44.0085	164.85	162.82	0.480125	0.519875	0.519514	0.480486	0.465853	0.42173	0.583525	0.846634	0.271525
_D:	0	113	1.58571	335	282	0	43.3573	170.48	168.44	0.482932	0.517068	0.523905	0.476095	0.469655	0.419544	0.585384	0.837796	0.252686
_D:	0	114	1.5153	309	271	0	42.9927	165.72	163.54	0.483881	0.51612	0.524433	0.475567	0.466863	0.418185	0.582839	0.837772	0.260671
_D:	0	115	1.57312	327	282	0	43.7362	172.04	170.11	0.48216	0.51784	0.524755	0.475245	0.467651	0.417711	0.583801	0.843595	0.256484
_D:	0	116	1.47024	334	293	0	43.3691	176.77	174.02	0.482515	0.517485	0.524692	0.475308	0.467164	0.4171	0.582225	0.835324	0.263558
_D:	0	117	1.6341	315	267	0	43.7955	169.32	166.97	0.482116	0.517884	0.522	0.478	0.463292	0.41904	0.579597	0.83761	0.276117
_D:	0	118	1.84793	353	305	0	44.7505	174.11	171.84	0.483449	0.516551	0.523896	0.476104	0.464329	0.416304	0.574923	0.829912	0.267578
_D:	0	119	1.70952	359	315	0	44.6086	184.34	182.02	0.484973	0.515027	0.52267	0.47733	0.463298	0.414629	0.569791	0.830752	0.282888
_D:	0	120	1.96302	329	283	0	44.6322	161.23	159.32	0.484475	0.515525	0.521036	0.478964	0.463051	0.413722	0.569073	0.844216	0.268915
_D:	0	121	1.50019	318	282	0	43.8218	165.32	163.24	0.484077	0.515923	0.521458	0.478542	0.460795	0.412924	0.568801	0.831652	0.280207
_D:	0	122	1.69429	312	275	0	43.8946	160.72	158.64	0.485519	0.514481	0.523315	0.476685	0.461603	0.410982	0.567856	0.833894	0.308056
_D:	0	123	1.73552	329	287	0	44.114	169.7	167.47	0.486115	0.513885	0.524099	0.475901	0.460449	0.407139	0.5661	0.844099	0.302579
_D:	0	124	1.51294	293	255	0	44.0786	165.06	163.15	0.487208	0.512792	0.525497	0.474503	0.462135	0.405952	0.56871	0.857268	0.288309
_D:	0	125	1.51853	302	261	0	43.8866	170.3	168.08	0.487802	0.512198	0.520274	0.479726	0.460458	0.405309	0.564948	0.852405	0.245791
_D:	0	126	1.54593	321	273	0	43.8136	168.7	166.7	0.486075	0.513925	0.520417	0.479583	0.457832	0.40598	0.566551	0.842772	0.258815
_D:	0	127	1.42183	304	263	0	43.9811	174.19	172.12	0.488927	0.511073	0.521469	0.478531	0.457929	0.403825	0.563193	0.859551	0.288882
_D:	0	128	1.63485	297	269	0	44.6697	171.54	169.04	0.489923	0.510077	0.524227	0.475773	0.459041	0.400419	0.56377	0.844286	0.248071
_D:	0	129	1.51257	301	269	0	44.3155	164.56	162.93	0.489438	0.510562	0.522235	0.477765	0.456822	0.402929	0.5629	0.847117	0.24907
_D:	0	130	1.42788	302	255	0	44.145	169.56	167.33	0.486667	0.513333	0.518928	0.481072	0.454244	0.402298	0.563373	0.860315	0.298475
_D:	0	131	1.66155	300	267	0	44.3459	169.51	167.48	0.490881	0.509119	0.522473	0.477527	0.456099	0.400181	0.564786	0.842299	0.327909
_D:	0	132	1.65225	320	278	0	45.1985	168.06	165.88	0.490361	0.509639	0.521902	0.478098	0.456525	0.399687	0.561451	0.858395	0.269709
_D:	0	133	1.4677	302	268	0	44.2521	166.39	164.32	0.489585	0.510415	0.521868	0.478132	0.455266	0.407896	0.56103	0.854611	0.266419
_D:	0	134	1.65299	314	283	0	44.3841	170	167.75	0.491248	0.508752	0.522236	0.477764	0.455193	0.406675	0.559423	0.846641	0.262353
_D:	0	135	1.79562	316	275	0	44.1998	160.64	158.73	0.488517	0.511482	0.519361	0.480639	0.449871	0.407709	0.558978	0.855301	0.257435
_D:	0	136	1.55234	312	282	0	44.4742	165.96	163.89	0.491773	0.508227	0.523294	0.476706	0.4543	0.405395	0.558523	0.874071	0.313884
_D:	0	137	1.36388	300	254	0	44.259	170.57	168.26	0.491947	0.508053	0.524188	0.475812	0.456349	0.406104	0.563353	0.867415	0.252904
_D:	0	138	1.41948	292	258	0	44.3399	163.99	161.98	0.491364	0.508636	0.526837	0.473163	0.453193	0.405142	0.560762	0.866041	0.318333
_D:	0	139	1.28069	267	231	0	44.0657	161.5	159.47	0.490057	0.509943	0.519931	0.480069	0.450865	0.404359	0.559794	0.868522	0.26801
_D:	0	140	1.18278	267	221	0	43.1156	166.91	164.87	0.489703	0.510297	0.520276	0.479724	0.450458	0.406072	0.562441	0.881336	0.282348
_D:	0	141	1.14106	266	224	0	42.8786	171.14	168.77	0.490779	0.509221	0.524989	0.475011	0.45481	0.40426	0.568994	0.871841	0.277806
_D:	0	142	1.04902	252	215	0	43.51	159.39	157.31	0.489916	0.510085	0.5272	0.4728	0.453753	0.404923	0.57349	0.870352	0.297166
_D:	0	143	1.06382	231	197	0	42.7909	154.45	152.49	0.488002	0.511997	0.522423	0.477577	0.45322	0.40478	0.574029	0.878145	0.290538
_D:	0	144	1.31295	273	236	0	43.8809	169.02	166.94	0.49059	0.50941	0.525132	0.474868	0.45747	0.401082	0.577869	0.876761	0.315629
_D:	0	145	1.47511	263	220	0	44.0104	163.48	161.55	0.489567	0.510433	0.521562	0.478438	0.456241	0.400176	0.577703	0.874997	0.284934
_D:	0	146	1.55497	309	275	0	45.1988	174.98	172.79	0.487734	0.512266	0.519319	0.480681	0.456775	0.401332	0.577579	0.867319	0.279386
_D:	0	147	1.43267	283	253	0	44.9856	167.23	165.04	0.488415	0.511585	0.51989	0.48011	0.45375	0.399462	0.576017	0.877128	0.295617
_D:	0	148	1.11057	250	218	0	43.3218	165.8	163.71	0.489036	0.510964	0.523408	0.476592	0.45655	0.407193	0.577548	0.8799	0.318309
_D:	0	149	1.25203	248	212	0	44.0373	159.94	157.89	0.484678	0.515322	0.520126	0.479875	0.453056	0.410674	0.580013	0.873263	0.288415
_D:	0	150	1.42285	292	250	0	43.9096	169.37	167.33	0.486737	0.513263	0.52175	0.47825	0.45363	0.40908	0.578784	0.881383	0.309943
_D:	0	151	1.2382	260	222	0	44.137	161.05	159.02	0.48514	0.51486	0.523701	0.476299	0.455776	0.408553	0.583747	0.869877	0.288201
_D:	0	152	1.07241	254	214	0	44.1719	169.64	167.45	0.484926	0.515074	0.523603	0.476397	0.453385	0.411048	0.585691	0.876699	0.337067
_D:	0	153	1.34817	284	245	0	44.1687	163.6	161.53	0.485167	0.514833	0.528562	0.471437	0.458523	0.409847	0.591102	0.878726	0.344069
_D:	0	154	1.34237	268	226	0	43.7579	167.64	165.46	0.485271	0.514729	0.523282	0.476718	0.457422	0.408114	0.591679	0.877942	0.373657
_D:	0	155	1.47501	304	265	0	45.3807	166.8	164.77	0.484673	0.515327	0.523977	0.476023	0.457336	0.406409	0.593308	0.880204	0.357753
_D:	0	156	1.17489	275	229	0	44.2776	169.8	167.63	0.486624	0.513376	0.526688	0.473312	0.456874	0.405455	0.591252	0.885139	0.338453
_D:	0	157	1.24646	261	220	0	43.4599	169.18	166.95	0.481868	0.518132	0.519442	0.480558	0.45447	0.407854	0.590613	0.876545	0.278028
_D:	0	158	1.24698	280	240	0	43.7795	172.46	170.25	0.483339	0.516661	0.524241	0.475759	0.457439	0.405767	0.596588	0.884815	0.307466
_D:	0	159	1.3381	268	217	0	44.4531	157.55	155.51	0.482863	0.517137	0.523831	0.476169	0.457531	0.406765	0.594943	0.88427	0.330932
_D:	0	160	1.45879	317	270	0	44.6535	178.08	175.89	0.48074	0.519259	0.522146	0.477854	0.456079	0.407146	0.596252	0.883711	0.345042
_D:	0	161	1.34239	279	227	0	44.7838	161.21	159.13	0.479951	0.520049	0.522189	0.477811	0.455721	0.408783	0.595028	0.879602	0.340466
_D:	0	162	1.15019	260	205	0	44.6532	162.02	159.91	0.481512	0.518488	0.524651	0.475349	0.4548	0.406723	0.597492	0.87863	0.327172
_D:	0	163	1.39362	298	246	0	45.002	175.57	173.44	0.483262	0.516738	0.526642	0.473358	0.455366	0.405809	0.593715	0.875039	0.328367
_D:	0	164	1.2369	264	228	0	44.1912	168.63	166.36	0.480618	0.519382	0.520197	0.479803	0.453824	0.404956	0.595241	0.875793	0.345783
_D:	0	165	1.22345	289	233	0	44.5445	171.46	169.34	0.481231	0.51877	0.522801	0.477199	0.453797	0.404965	0.593133	0.886433	0.303123
_D:	0	166	1.12086	247	211	0	44.1352	162.61	160.61	0.480421	0.519579	0.524982	0.475018	0.457083	0.404195	0.596697	0.885657	0.338801
_D:	0	167	1.12947	259	209	0	44.7051	161.54	159.49	0.480063	0.519937	0.526195	0.473805	0.458227	0.404408	0.599686	0.883876	0.348293
_D:	0	168	0.937218	238	195	0	43.9098	163.18	161.07	0.480643	0.519357	0.523795	0.476205	0.459996	0.403245	0.601777	0.881611	0.343692
_D:	0	169	1.30167	318	275	0	45.2966	180.41	178.11	0.477111	0.522888	0.523158	0.476842	0.455907	0.405241	0.58584	0.885227	0.351744
_D:	0	170	0.948378	224	182	0	44.1413	165.97	163.64	0.478203	0.521797	0.524992	0.475008	0.458753	0.403703	0.587245	0.878613	0.358439
_D:	0	171	1.11079	257	205	0	44.1814	168.66	166.53	0.476863	0.523137	0.522944	0.477057	0.4573	0.406253	0.58762	0.885857	0.384691
_D:	0	172	1.122	244	197	0	44.5047	164.66	162.43	0.47734	0.52266	0.524387	0.475613	0.458402	0.40473	0.586702	0.88063	0.340685
_D:	0	173	0.965371	233	190	0	44.1761	161.77	159.65	0.470963	0.529037	0.516893	0.483107	0.452708	0.409385	0.58694	0.891144	0.382363
_D:	0	174	1.34638	274	230	0	44.3741	161.3	159.29	0.479411	0.520589	0.525014	0.474986	0.459409	0.405867	0.591803	0.877336	0.354804
_D:	0	175	1.43401	279	232	0	44.7492	170.85	168.76	0.477856	0.522144	0.517283	0.482717	0.458781	0.403073	0.592228	0.875601	0.33491
_D:	0	176	1.05312	247	197	0	44.4917	164.41	162.19	0.478494	0.521506	0.51674	0.48326	0.459462	0.403411	0.591699	0.875328	0.310398
_D:	0	177	1.08626	262	214	0	44.8683	178.6	176.54	0.477815	0.522185	0.520312	0.479688	0.459904	0.403063	0.591845	0.879886	0.342539
_D:	0	178	1.34212	260	215	0	44.3186	162.75	160.77	0.475334	0.524666	0.517365	0.482635	0.458918	0.405262	0.591643	0.880189	0.349655
_D:	0	179	1.09223	230	188	0	43.7898	166.95	164.61	0.475718	0.524282	0.518249	0.481751	0.459036	0.404206	0.591714	0.881323	0.284899
_D:	0	180	1.10384	239	200	0	44.0277	160.13	158.13	0.473619	0.526381	0.515922	0.484077	0.457641	0.405161	0.594433	0.878072	0.327841
_D:	0	181	1.12107	242	196	0	43.3716	166.54	164.51	0.477396	0.522604	0.516511	0.483489	0.459678	0.40633	0.59504	0.878433	0.342114
_D:	0	182	0.922685	224	185	0	43.3758	162.75	160.51	0.477621	0.522379	0.517358	0.482642	0.45675	0.405196	0.591784	0.883537	0.36261
_D:	0	183	1.13074	225	189	0	44.0285	153.53	151.58	0.481942	0.518058	0.52433	0.47567	0.463255	0.402177	0.596633	0.880137	0.33433
_D:	0	184	1.28209	258	212	0	44.7144	164.2	161.93	0.478908	0.521092	0.521725	0.478275	0.461721	0.401949	0.59725	0.881968	0.322146
_D:	0	185	1.03205	240	198	0	44.0508	167.51	165.36	0.477792	0.522207	0.519409	0.480592	0.458026	0.403375	0.594942	0.881026	0.323242
_D:	0	186	1.09191	260	203	0	43.9777	175.08	172.75	0.476944	0.523056	0.519788	0.480212	0.45886	0.404927	0.592573	0.882958	0.370099
_D:	0	187	1.17548	277	234	0	44.194	169.24	166.99	0.476218	0.523782	0.52113	0.47887	0.460837	0.405294	0.59607	0.886264	0.353183
_D:	0	188	1.11536	257	215	0	43.7934	169.79	167.64	0.475361	0.524639	0.521804	0.478197	0.462497	0.404151	0.596238	0.88186	0.388369
_D:	0	189	1.04881	234	200	0	43.3585	161.9	159.77	0.474857	0.525143	0.519596	0.480404	0.461425	0.405874	0.597657	0.886594	0.30679
_D:	0	190	1.16417	275	227	0	44.167	178.2	175.78	0.475532	0.524468	0.519504	0.480496	0.459574	0.406601	0.598729	0.882643	0.307577
_D:	0	191	0.905913	218	173	0	43.8478	165.45	163.32	0.477674	0.522326	0.52457	0.475429	0.462802	0.404052	0.60369	0.878546	0.322903
_D:	0	192	1.29867	286	238	0	44.7171	173.09	170.77	0.476483	0.523517	0.523283	0.476717	0.462168	0.405043	0.585085	0.879789	0.312684
_D:	0	193	1.12828	270	214	0	44.1681	173.91	171.75	0.478274	0.521726	0.525021	0.474979	0.46339	0.404156	0.585526	0.880649	0.311202
_D:	0	194	1.32443	283	223	0	44.8852	169.67	167.73	0.476937	0.523063	0.520249	0.479751	0.461412	0.402285	0.5829	0.882372	0.266068
_D:	0	195	1.48602	288	246	0	45.1643	167.55	165.5	0.475332	0.524668	0.516824	0.483176	0.459773	0.400831	0.583636	0.867282	0.267295
_D:	0	196	1.15966	242	195	0	44.6645	161.94	159.83	0.476719	0.523281	0.514942	0.485059	0.459482	0.400747	0.579071	0.867535	0.287813
_D:	0	197	1.25772	253	207	0	44.3069	169.7	167.44	0.479113	0.520886	0.519912	0.480088	0.462219	0.397008	0.578683	0.870782	0.274775
_D:	0	198	1.14121	234	201	0	44.4543	160.4	158.4	0.478032	0.521968	0.518845	0.481155	0.462056	0.406734	0.579019	0.873272	0.274789
_D:	0	199	0.964111	220	177	0	43.8601	156.46	154.4	0.476249	0.523751	0.51713	0.48287	0.459509	0.407902	0.580271	0.879051	0.304919
_D:	0	200	0.696429	178	150	0	43.5913	164.41	163.37	0.476537	0.523463	0.51835	0.48165	0.460558	0.407953	0.583906	0.875655	0.306942
_D:	0	201	0.607607	143	109	0	42.1089	168.88	167.75	0.477479	0.522521	0.517498	0.482502	0.459973	0.407712	0.582175	0.877914	0.309849
_D:	0	202	0.490722	122	85	0	42.2817	156.56	155.49	0.475458	0.524542	0.518361	0.481639	0.463182	0.40788	0.583624	0.881627	0.324034
_D:	0	203	0.554106	130	92	0	42.6667	162.37	161.27	0.47747	0.52253	0.521974	0.478027	0.462379	0.405905	0.583625	0.885492	0.307505
_D:	0	204	0.258549	87	64	0	40.9197	164.09	162.82	0.476746	0.523254	0.519806	0.480194	0.461715	0.407151	0.583389	0.881211	0.299469
_D:	0	205	0.463985	119	87	0	42.0352	160.26	159.29	0.476023	0.523976	0.519546	0.480454	0.462628	0.408266	0.58417	0.885791	0.295038
_D:	0	206	0.369894	91	70	0	41.3692	155.92	154.75	0.47758	0.52242	0.522117	0.477883	0.463536	0.406957	0.585221	0.88353	0.31267
_D:	0	207	0.449713	103	78	0	41.7842	167.23	166.2	0.475065	0.524935	0.521247	0.478753	0.463087	0.408284	0.585393	0.885125	0.30278
_D:	0	208	0.296465	86	58	0	40.9401	158.96	157.94	0.47598	0.52402	0.519103	0.480897	0.462065	0.409685	0.583712	0.886178	0.30893
_D:	0	209	0.276613	88	65	0	40.9642	160.47	159.6	0.472509	0.52749	0.51899	0.48101	0.461699	0.410733	0.587946	0.886714	0.310211
_D:	0	210	0.32497	102	71	0	41.0223	161.6	160.5	0.478772	0.521228	0.521437	0.478563	0.462084	0.408846	0.585903	0.887831	0.314499
_D:	0	211	0.270849	99	62	0	41.4414	164.94	163.93	0.480154	0.519846	0.522931	0.477069	0.466204	0.408205	0.588557	0.886557	0.292244
_D:	0	212	0.285355	94	58	0	41.1115	156.81	155.75	0.476708	0.523292	0.518627	0.481373	0.459587	0.412531	0.585617	0.886254	0.345789
_D:	0	213	0.352477	100	67	0	41.1682	158.46	157.39	0.47617	0.52383	0.519988	0.480011	0.46212	0.411269	0.588974	0.886574	0.315898
_D:	0	214	0.251436	88	59	0	40.6176	167.4	166.36	0.478551	0.521449	0.522576	0.477424	0.463822	0.410002	0.589284	0.887422	0.317331
_D:	0	215	0.28623	87	60	0	40.9721	165.34	164.2	0.477085	0.522915	0.520331	0.479669	0.462992	0.412178	0.590017	0.888557	0.323742
_D:	0	216	0.332136	105	69	0	41.6773	165.39	164.2	0.478124	0.521876	0.52345	0.47655	0.463801	0.409953	0.591075	0.886629	0.315069
_D:	0	217	0.180894	75	53	0	41.1585	164.28	163.19	0.478329	0.521671	0.523298	0.476701	0.463366	0.410555	0.590839	0.888654	0.315748
_D:	0	218	0.185961	80	48	0	41.1405	156.16	155.05	0.477214	0.522786	0.520942	0.479058	0.463129	0.411684	0.591341	0.890274	0.320208
_D:	0	219	0.292407	101	59	0	41.3862	150.24	149.19	0.477495	0.522505	0.524636	0.475364	0.463975	0.410651	0.591371	0.889183	0.294769
_D:	0	220	0.226865	84	62	0	41.227	158.24	157.18	0.478189	0.521811	0.526112	0.473888	0.466388	0.409523	0.592431	0.890326	0.292962
_D:	0	221	0.162297	65	41	0	40.9254	155.26	154.39	0.478215	0.521785	0.520104	0.479896	0.466916	0.408961	0.593472	0.889644	0.310774
_D:	0	222	0.283838	83	57	0	41.0665	160.89	159.92	0.47624	0.52376	0.518977	0.481023	0.463248	0.409687	0.595436	0.888181	0.338723
_D:	0	223	0.251426	87	55	0	40.9326	162.59	161.47	0.476484	0.523516	0.51994	0.48006	0.464302	0.409509	0.595497	0.885204	0.325574
_D:	0	224	0.179452	65	42	0	41.002	161.38	160.41	0.476195	0.523805	0.518745	0.481255	0.464999	0.411141	0.595824	0.886872	0.325609
_D:	0	225	0.189964	84	53	0	41.1396	164.91	163.7	0.47535	0.52465	0.519072	0.480928	0.464086	0.410813	0.594551	0.890056	0.318232
_D:	0	226	0.193016	84	52	0	41.5471	168.11	166.88	0.475738	0.524262	0.519167	0.480833	0.463479	0.410278	0.59549	0.885036	0.31804
_D:	0	227	0.23059	82	61	0	41.3841	157.4	156.48	0.475925	0.524075	0.519412	0.480588	0.466319	0.41133	0.597119	0.885643	0.310198
_D:	0	228	0.205743	71	41	0	41.3268	151.43	150.53	0.47387	0.52613	0.518899	0.4811	0.46518	0.411617	0.598662	0.886843	0.327005
_D:	0	229	0.217104	89	61	0	41.1592	165.52	164.43	0.476933	0.523067	0.516696	0.483304	0.461946	0.413304	0.597108	0.891995	0.324218
_D:	0	230	0.113403	62	38	0	41.3456	160.17	159.16	0.478562	0.521438	0.520673	0.479328	0.466791	0.411408	0.598925	0.887025	0.340286
_D:	0	231	0.183784	72	43	0	40.6391	160.33	159.21	0.478335	0.521665	0.51815	0.48185	0.466052	0.412147	0.598748	0.889046	0.298614
_D:	0	232	0.171807	73	44	0	40.8807	157.49	156.61	0.479573	0.520427	0.520726	0.479274	0.467983	0.411436	0.60183	0.888415	0.337458
_D:	0	233	0.172018	81	44	0	41.1123	157	156.12	0.480014	0.519985	0.519722	0.480278	0.467885	0.412393	0.582355	0.886949	0.32049
_D:	0	234	0.164055	75	48	0	41.0935	161.65	160.63	0.477606	0.522394	0.518637	0.481364	0.465514	0.413623	0.582863	0.88425	0.347045
_D:	0	235	0.245419	89	58	0	41.8237	166.87	165.77	0.475819	0.524181	0.519207	0.480793	0.463559	0.413131	0.585601	0.886635	0.33359
_D:	0	236	0.200225	94	56	0	41.6179	165.82	164.85	0.477763	0.522237	0.522164	0.477836	0.467704	0.411842	0.586702	0.888646	0.308018
_D:	0	237	0.151895	71	38	0	41.8216	168.92	167.82	0.478225	0.521775	0.524439	0.475561	0.467835	0.411209	0.587034	0.886008	0.327332
_D:	0	238	0.185573	85	51	0	41.5367	166.66	165.48	0.47508	0.52492	0.519265	0.480735	0.466224	0.414389	0.586529	0.886774	0.344646
_D:	0	239	0.167795	75	48	0	41.0192	162.85	161.66	0.47682	0.52318	0.519714	0.480286	0.465153	0.413811	0.585607	0.887515	0.347063
_D:	0	240	0.183529	86	51	0	41.9495	166.89	165.76	0.478632	0.521368	0.522702	0.477298	0.466782	0.412044	0.58787	0.883275	0.329236
_D:	0	241	0.235136	75	47	0	41.5137	163.02	162.01	0.476886	0.523115	0.520368	0.479632	0.46664	0.413948	0.588075	0.889429	0.37213
_D:	0	242	0.165309	62	47	0	41.0163	160.69	159.73	0.478738	0.521262	0.522107	0.477893	0.47023	0.412697	0.590026	0.884964	0.333753
_D:	0	243	0.182544	72	36	0	41.6541	153.95	153.01	0.476447	0.523553	0.520431	0.479569	0.467347	0.414218	0.588923	0.885791	0.351129
_D:	0	244	0.159203	75	47	0	41.4617	167.82	166.85	0.477487	0.522513	0.52373	0.476269	0.468301	0.412408	0.590857	0.886033	0.332163
_D:	0	245	0.178711	67	44	0	41.3709	160.09	159.06	0.475117	0.524883	0.520679	0.479321	0.466331	0.414479	0.59073	0.887915	0.358036
_D:	0	246	0.131229	59	30	0	40.8677	166.46	165.46	0.475414	0.524586	0.520564	0.479436	0.466376	0.414465	0.591702	0.887058	0.312731
_D:	0	247	0.214779	85	59	0	41.0737	163.19	162.1	0.473975	0.526025	0.518149	0.481851	0.468637	0.418169	0.592507	0.889074	0.349639
_D:	0	248	0.165604	71	44	0	41.0773	167.49	166.4	0.481131	0.518869	0.521452	0.478548	0.469128	0.414886	0.591934	0.884416	0.323467
_D:	0	249	0.17868	80	47	0	41.0414	158.89	157.87	0.476163	0.523837	0.518089	0.481911	0.467504	0.417528	0.593435	0.891069	0.384237
_D:	0	250	0.17288	65	44	0	41.5107	154.44	153.32	0.480379	0.519621	0.523622	0.476378	0.47028	0.413317	0.59519	0.886681	0.340354
_D:	0	251	0.146524	70	41	0	41.2699	157.12	155.99	0.479743	0.520257	0.521049	0.478951	0.469793	0.415028	0.595541	0.885338	0.331898
_D:	0	252	0.208754	87	53	0	41.6329	165.64	164.48	0.479323	0.520677	0.522246	0.477754	0.469842	0.41432	0.595323	0.88853	0.336473
_D:	0	253	0.172705	69	42	0	41.5742	159.41	158.35	0.478644	0.521356	0.521508	0.478492	0.469574	0.414401	0.595455	0.8843	0.361722
_D:	0	254	0.192874	76	47	0	41.1848	158.03	157.15	0.476216	0.523784	0.518996	0.481004	0.467229	0.41725	0.595628	0.885738	0.348004
_D:	0	255	0.140152	66	38	0	41.0871	156.79	155.75	0.477341	0.522659	0.519727	0.480273	0.468714	0.41607	0.59583	0.886109	0.323363
_D:	0	256	0.171783	63	42	0	41.0703	161.55	160.57	0.476591	0.523409	0.519626	0.480374	0.46835	0.415802	0.598057	0.881897	0.344894
_D:	0	257	0.19897	67	41	0	41.0879	162.28	161.29	0.478435	0.521565	0.522543	0.477457	0.473895	0.414977	0.599599	0.881926	0.34672
_D:	0	258	0.189695	71	47	0	41.7615	168.96	167.85	0.476053	0.523947	0.520453	0.479547	0.467977	0.416338	0.599379	0.882161	0.344972
_D:	0	259	0.128217	63	45	0	40.9607	166.65	165.59	0.478278	0.521722	0.522125	0.477875	0.47174	0.415482	0.600534	0.886819	0.358989
_D:	0	260	0.143036	62	35	0	41.2559	160.05	158.92	0.475646	0.524354	0.517807	0.482193	0.468121	0.418727	0.580354	0.885919	0.356697
_D:	0	261	0.202463	71	47	0	41.4104	161.85	160.87	0.476496	0.523504	0.520243	0.479757	0.471448	0.417107	0.582785	0.884658	0.350788
_D:	0	262	0.191692	77	50	0	41.8306	160.41	159.27	0.477444	0.522556	0.520323	0.479677	0.469612	0.416613	0.582295	0.884577	0.344275
_D:	0	263	0.157873	60	39	0	41.3433	164.94	163.73	0.477098	0.522902	0.521769	0.478231	0.472498	0.416008	0.584262	0.883847	0.370689
_D:	0	264	0.162902	64	43	0	41.6243	152.69	151.73	0.475399	0.524601	0.519848	0.480152	0.468664	0.418871	0.58378	0.878049	0.322088
_D:	0	265	0.140582	57	33	0	41.3501	161.85	160.81	0.473121	0.526879	0.516059	0.483941	0.467196	0.420393	0.582229	0.884367	0.361107
_D:	0	266	0.202666	66	48	0	41.3073	168.09	166.98	0.482434	0.517566	0.523486	0.476515	0.474862	0.415976	0.585605	0.882679	0.347117
_D:	0	267	0.154597	63	40	0	42.0205	170.35	169.17	0.479693	0.520307	0.52079	0.47921	0.471061	0.416422	0.586682	0.879237	0.354044
_D:	0	268	0.23254	73	45	0	41.4794	156.57	155.49	0.480149	0.519851	0.520359	0.479641	0.471866	0.417921	0.585422	0.882124	0.326692
_D:	0	269	0.206649	76	55	0	41.728	160.14	159.11	0.480601	0.519399	0.521291	0.478709	0.471681	0.416119	0.586762	0.881171	0.352127
_D:	0	270	0.159775	67	47	0	41.6302	166.23	165.24	0.478983	0.521017	0.520079	0.479921	0.470337	0.417689	0.587563	0.879762	0.348065
_D:	0	271	0.160813	74	46	0	41.5639	165.29	164.25	0.478156	0.521844	0.519449	0.480551	0.469408	0.41789	0.587057	0.879222	0.353547
_D:	0	272	0.172962	59	39	0	41.4353	157.12	156.18	0.47885	0.52115	0.519991	0.480009	0.471401	0.417163	0.587027	0.883536	0.34199
_D:	0	273	0.169703	75	47	0	41.7191	158.14	157.13	0.478176	0.521824	0.520358	0.479642	0.470995	0.417917	0.589101	0.878113	0.344542
_D:	0	274	0.150723	54	34	0	41.3431	163.7	162.74	0.479595	0.520405	0.520591	0.479409	0.470674	0.417407	0.587172	0.877691	0.379684
_D:	0	275	0.148821	63	37	0	41.173	165.6	164.66	0.479738	0.520262	0.520786	0.479214	0.471802	0.417426	0.587906	0.881145	0.354354
_D:	0	276	0.0917278	50	32	0	41.5909	159.77	158.8	0.478878	0.521122	0.521159	0.478841	0.471949	0.417123	0.5888	0.876791	0.328093
_D:	0	277	0.134711	65	43	0	41.915	165.28	164.35	0.480604	0.519396	0.52192	0.47808	0.474794	0.417064	0.589628	0.875684	0.358741
_D:	0	278	0.140592	56	36	0	41.2993	162.03	160.9	0.477743	0.522257	0.518555	0.481445	0.47316	0.418717	0.590287	0.87801	0.379173
_D:	0	279	0.199247	66	51	0	42.258	171.37	170.34	0.480291	0.519709	0.523446	0.476555	0.473604	0.415401	0.591232	0.876137	0.333295
_D:	0	280	0.12192	62	44	0	41.7166	166.61	165.62	0.479202	0.520798	0.521293	0.478707	0.473249	0.418014	0.591558	0.879198	0.34078
_D:	0	281	0.128504	56	37	0	41.7606	169.05	167.83	0.478197	0.521803	0.520368	0.479632	0.4703	0.418561	0.590274	0.87655	0.341426
_D:	0	282	0.184912	65	48	0	42.242	165.63	164.62	0.480757	0.519243	0.524855	0.475145	0.475322	0.414012	0.592837	0.872757	0.364535
_D:	0	283	0.107501	60	36	0	41.2836	166.22	165.18	0.475908	0.524092	0.518137	0.481863	0.473244	0.419686	0.592062	0.879694	0.34773
_D:	0	284	0.188262	77	46	0	41.8657	161.1	160.01	0.476474	0.523526	0.519699	0.480301	0.47305	0.418161	0.592482	0.877302	0.357651
_D:	0	285	0.181978	70	50	0	41.7673	158.62	157.7	0.475077	0.524923	0.518036	0.481965	0.472399	0.420528	0.592024	0.880159	0.368785
_D:	0	286	0.128434	53	41	0	41.5664	160.87	159.76	0.476679	0.523321	0.520235	0.479765	0.473512	0.418957	0.594776	0.878804	0.342695
_D:	0	287	0.153212	49	27	0	41.1421	162.69	161.74	0.474178	0.525822	0.515594	0.484405	0.470987	0.421923	0.593928	0.875219	0.378503
_D:	0	288	0.149727	62	42	0	41.583	169.01	167.83	0.481803	0.518196	0.522932	0.477068	0.476549	0.417282	0.595743	0.874116	0.330664
_D:	0	289	0.178153	61	46	0	41.3479	166.19	165.19	0.482468	0.517532	0.522578	0.477422	0.474282	0.417276	0.596105	0.872127	0.364675
_D:	0	290	0.164144	58	41	0	41.9292	166.51	165.43	0.479167	0.520834	0.51989	0.48011	0.473858	0.419302	0.596026	0.875686	0.348856
_D:	0	291	0.146777	60	42	0	41.4021	156.52	155.57	0.480576	0.519423	0.520757	0.479243	0.474835	0.418912	0.594228	0.87612	0.361834
_D:	0	292	0.159857	60	39	0	41.573	166.93	165.8	0.479126	0.520874	0.521251	0.478749	0.475923	0.418732	0.598964	0.871079	0.368342
_D:	0	293	0.188532	67	49	0	42.0249	160.05	159.01	0.481221	0.518779	0.522791	0.477209	0.474611	0.417432	0.595353	0.875282	0.342764
_D:	0	294	0.174561	54	38	0	41.7071	162.16	161.13	0.481112	0.518888	0.521302	0.478698	0.475352	0.4184	0.597389	0.873533	0.338003
_D:	0	295	0.147634	61	37	0	41.9777	156.35	155.37	0.479388	0.520612	0.520558	0.479442	0.474605	0.418848	0.597641	0.87488	0.339804
_D:	0	296	0.215878	74	50	0	42.365	173.4	172.38	0.480913	0.519087	0.521613	0.478387	0.475611	0.418646	0.597099	0.871914	0.342313
_D:	0	297	0.153293	65	45	0	41.8732	159.8	158.74	0.479859	0.520141	0.521102	0.478898	0.473937	0.418853	0.597494	0.878981	0.360161
_D:	0	298	0.152784	63	37	0	41.9339	164.13	163.22	0.478736	0.521264	0.51992	0.48008	0.472653	0.419661	0.597671	0.869374	0.341648
_D:	0	299	0.0988252	54	36	0	41.5295	160.4	159.47	0.479363	0.520637	0.520802	0.479198	0.475084	0.418297	0.59863	0.874058	0.363655
_D:	0	300	0.143967	61	39	0	42.123	162.5	161.48	0.482358	0.517642	0.525283	0.474716	0.480195	0.415938	0.601111	0.873854	0.309664
_D:	0	301	0.279342	70	52	0	42.4116	159.07	158.17	0.481247	0.518753	0.518148	0.481852	0.474829	0.416239	0.581206	0.87071	0.345364
_D:	0	302	0.181481	55	36	0	41.7722	155.91	154.89	0.479076	0.520924	0.517374	0.482626	0.474832	0.416727	0.580835	0.873572	0.321524
_D:	0	303	0.137699	62	43	0	42.8004	161.87	160.86	0.481901	0.518099	0.519819	0.480181	0.477439	0.415451	0.584287	0.870664	0.340563
_D:	0	304	0.174031	57	42	0	42.0396	169.53	168.46	0.478005	0.521995	0.513898	0.486102	0.47197	0.418455	0.580446	0.866195	0.33921
_D:	0	305	0.179044	61	43	0	41.9877	163.37	162.33	0.479422	0.520579	0.515281	0.484719	0.474165	0.417275	0.580912	0.868194	0.307533
_D:	0	306	0.126318	52	34	0	41.8918	161.2	160.23	0.480404	0.519596	0.517582	0.482418	0.477069	0.416344	0.582878	0.876352	0.342408
_D:	0	307	0.147754	60	39	0	42.0819	162.29	161.29	0.478405	0.521595	0.51481	0.48519	0.473402	0.418278	0.581582	0.874169	0.351109
_D:	0	308	0.108657	47	30	0	41.9144	168.31	167.21	0.478444	0.521556	0.514573	0.485427	0.474097	0.417907	0.582521	0.872401	0.356334
_D:	0	309	0.154803	61	43	0	42.6706	168.2	167.01	0.481204	0.518796	0.519995	0.480005	0.479902	0.414917	0.585551	0.873651	0.343275
_D:	0	310	0.0985107	50	32	0	42.1642	159.8	158.92	0.479688	0.520312	0.517363	0.482637	0.476227	0.416797	0.583435	0.869451	0.394509
_D:	0	311	0.096904	45	31	0	41.942	158.82	157.88	0.47835	0.52165	0.515725	0.484275	0.476798	0.418133	0.584179	0.875916	0.348769
_D:	0	312	0.136842	53	33	0	42.2162	171.74	170.52	0.479703	0.520297	0.518416	0.481584	0.474986	0.415901	0.584546	0.865031	0.336861
_D:	0	313	0.245521	71	48	0	42.6622	163.34	162.31	0.478948	0.521052	0.516068	0.483932	0.479117	0.417049	0.584638	0.872308	0.355764
_D:	0	314	0.138261	61	41	0	42.2423	157.43	156.43	0.477751	0.522249	0.516721	0.483279	0.477109	0.417133	0.58468	0.871464	0.348695
_D:	0	315	0.17106	53	34	0	42.2429	163.97	162.89	0.479545	0.520455	0.517997	0.482003	0.476924	0.416654	0.583646	0.87248	0.362646
_D:	0	316	0.15224	58	40	0	42.3061	168.24	167.09	0.477427	0.522573	0.516733	0.483267	0.47629	0.417394	0.584187	0.870132	0.346111
_D:	0	317	0.161509	58	43	0	42.3986	167.66	166.59	0.47799	0.52201	0.514849	0.485151	0.476243	0.418625	0.585197	0.871103	0.352008
_D:	0	318	0.210962	49	34	0	42.3048	154.17	153.33	0.478481	0.521519	0.517907	0.482093	0.477826	0.416252	0.585447	0.870782	0.380448
_D:	0	319	0.156425	51	43	0	42.035	166.52	165.47	0.478284	0.521716	0.516757	0.483243	0.478582	0.417702	0.586584	0.868284	0.339034
_D:	0	320	0.211607	67	46	0	42.4027	162.52	161.54	0.478935	0.521065	0.516752	0.483248	0.477553	0.41728	0.586991	0.872032	0.350055
_D:	0	321	0.155716	56	40	0	42.2463	167.59	166.58	0.476759	0.52324	0.51707	0.48293	0.478139	0.416871	0.589497	0.870709	0.345221
_D:	0	322	0.181163	62	43	0	42.2823	160.45	159.35	0.474996	0.525004	0.512626	0.487374	0.474035	0.420006	0.587354	0.868166	0.351455
_D:	0	323	0.127696	63	43	0	42.4259	168.75	167.5	0.481132	0.518868	0.517647	0.482353	0.476714	0.416993	0.586573	0.875368	0.359593
_D:	0	324	0.174809	75	49	0	42.517	172.05	170.91	0.482407	0.517594	0.517967	0.482033	0.478541	0.415837	0.587004	0.870699	0.361871
_D:	0	325	0.167749	64	42	0	41.7966	168.72	167.61	0.481949	0.518051	0.519088	0.480912	0.4787	0.415733	0.588412	0.873756	0.337389
_D:	0	326	0.144397	56	36	0	42.2371	175.3	174.14	0.480172	0.519828	0.515761	0.484239	0.478983	0.417295	0.58802	0.873554	0.349247
_D:	0	327	0.184651	58	44	0	42.4946	171.74	170.73	0.481733	0.518267	0.516989	0.48301	0.477787	0.416806	0.589189	0.870221	0.338035
_D:	0	328	0.16637	64	42	0	42.4477	157.05	156.17	0.479111	0.520889	0.514975	0.485025	0.478432	0.418577	0.588103	0.870016	0.351455
_D:	0	329	0.186523	62	49	0	42.1113	176	174.67	0.48098	0.519019	0.516448	0.483552	0.477955	0.417701	0.588877	0.870929	0.317615
_D:	0	330	0.21878	69	51	0	42.387	165.67	164.66	0.482619	0.517381	0.518764	0.481236	0.47854	0.416353	0.590094	0.867186	0.317741
_D:	0	331	0.101704	55	34	0	42.3247	162.31	161.37	0.480733	0.519267	0.517299	0.482701	0.477866	0.417351	0.589223	0.868661	0.334647
_D:	0	332	0.189331	59	38	0	42.1269	177.48	176.49	0.479479	0.520521	0.516297	0.483703	0.476313	0.418505	0.589779	0.866492	0.323989
_D:	0	333	0.138549	61	41	0	42.6189	174.27	173.11	0.482075	0.517924	0.518896	0.481104	0.478735	0.416164	0.590324	0.871274	0.353714
_D:	0	334	0.177496	64	49	0	42.982	167.87	166.89	0.481745	0.518255	0.518744	0.481256	0.480849	0.415832	0.591642	0.866211	0.316742
_D:	0	335	0.145119	53	38	0	42.402	166.58	165.46	0.481923	0.518076	0.518242	0.481757	0.476934	0.416783	0.58872	0.872321	0.32617
_D:	0	336	0.135846	62	34	0	42.5686	168.94	167.84	0.480496	0.519504	0.517689	0.482311	0.478854	0.416865	0.589544	0.872084	0.390224
_D:	0	337	0.191808	57	40	0	42.365	161.48	160.54	0.480212	0.519788	0.515166	0.484834	0.475953	0.418577	0.58965	0.869156	0.346547
_D:	0	338	0.160143	53	37	0	42.7546	157.78	156.87	0.479127	0.520873	0.515147	0.484853	0.475545	0.418457	0.589156	0.87226	0.335499
_D:	0	339	0.188713	64	46	0	42.7805	160.86	159.78	0.478908	0.521092	0.517341	0.482659	0.479214	0.417544	0.59427	0.86764	0.346767
_D:	0	340	0.137515	52	33	0	42.3547	165.15	164.13	0.480815	0.519186	0.518223	0.481777	0.48008	0.416761	0.591324	0.87007	0.383135
_D:	0	341	0.161821	57	41	0	42.3348	156.21	155.24	0.480125	0.519875	0.518098	0.481902	0.477628	0.417326	0.591675	0.864279	0.344231
_D:	0	342	0.198505	69	49	0	42.6052	161.55	160.51	0.479729	0.520271	0.516779	0.483221	0.480397	0.41805	0.592887	0.872145	0.367025
_D:	0	343	0.251037	72	53	0	43.0083	163.13	162.14	0.478854	0.521146	0.516558	0.483442	0.479304	0.417818	0.591545	0.870291	0.359364
_D:	0	344	0.173588	69	43	0	42.5493	165.04	164.16	0.480448	0.519552	0.517423	0.482577	0.47908	0.418015	0.59063	0.870575	0.356449
_D:	0	345	0.171843	58	44	0	42.8994	158.38	157.3	0.477757	0.522243	0.515534	0.484466	0.476101	0.419221	0.589987	0.872977	0.36397
_D:	0	346	0.138626	49	34	0	42.2972	162.38	161.51	0.481926	0.518074	0.519642	0.480358	0.480388	0.415622	0.592843	0.865439	0.348863
_D:	0	347	0.209649	64	47	0	42.66	168.64	167.63	0.478883	0.521116	0.517859	0.482141	0.477683	0.416953	0.592994	0.864959	0.368756
_D:	0	348	0.276675	72	50	0	42.2533	166.17	165.09	0.477595	0.522405	0.514671	0.485329	0.480991	0.419447	0.593477	0.870767	0.360428
_D:	0	349	0.118908	55	41	0	42.6829	162.92	161.94	0.477709	0.522291	0.514962	0.485038	0.478735	0.419373	0.594341	0.865256	0.32576
_D:	0	350	0.162301	71	40	0	43.0315	170.13	169.09	0.479997	0.520003	0.519801	0.480199	0.482783	0.416289	0.595436	0.856512	0.351905
_D:	0	351	0.169949	56	31	0	42.7396	165.37	164.39	0.480522	0.519477	0.517611	0.482389	0.480611	0.417857	0.592211	0.86801	0.386576
_D:	0	352	0.160966	57	42	0	43.1249	161.15	160.2	0.478706	0.521294	0.518639	0.481361	0.481092	0.416994	0.594088	0.8632	0.34877
_D:	0	353	0.138741	57	37	0	42.9484	166.38	165.38	0.479677	0.520323	0.51733	0.48267	0.479701	0.417445	0.594049	0.864152	0.34948
_D:	0	354	0.169097	54	40	0	42.6343	158.5	157.49	0.479933	0.520067	0.51751	0.48249	0.482408	0.418502	0.592623	0.867768	0.352397
_D:	0	355	0.210984	74	51	0	42.5822	160.57	159.46	0.478155	0.521845	0.515668	0.484332	0.481544	0.419219	0.593969	0.872669	0.377475
_D:	0	356	0.142789	39	30	0	42.4899	157.81	156.79	0.479875	0.520125	0.517341	0.482659	0.483268	0.418292	0.593731	0.867499	0.366111
_D:	0	357	0.113998	56	40	0	42.7882	168.15	167.14	0.477645	0.522355	0.516464	0.483536	0.480114	0.418861	0.595336	0.866019	0.36019
_D:	0	358	0.21469	71	48	0	43.5427	171.28	170.21	0.478969	0.521031	0.518247	0.481753	0.478776	0.417338	0.594702	0.864504	0.339916
_D:	0	359	0.13355	58	40	0	42.6898	167.87	166.82	0.477323	0.522677	0.516504	0.483496	0.481078	0.419202	0.59583	0.868876	0.364288
_D:	0	360	0.173143	61	38	0	43.1559	162.59	161.47	0.478278	0.521722	0.516725	0.483275	0.478997	0.418641	0.592984	0.868352	0.351673
_D:	0	361	0.156269	65	43	0	42.4995	160.42	159.35	0.478832	0.521168	0.518876	0.481124	0.47919	0.417028	0.595316	0.868513	0.36864
_D:	0	362	0.157575	59	34	0	43.0762	173.47	172.41	0.478644	0.521356	0.51728	0.48272	0.479978	0.418101	0.59563	0.869737	0.350873
_D:	0	363	0.14925	58	37	0	42.6551	174.33	173.32	0.479923	0.520077	0.518969	0.48103	0.482554	0.417366	0.594233	0.861634	0.351806
_D:	0	364	0.179998	67	44	0	43.1226	169.01	167.98	0.47784	0.52216	0.517557	0.482444	0.4806	0.417745	0.595174	0.869766	0.366502
_D:	0	365	0.150592	54	38	0	43.2636	164.45	163.42	0.479634	0.520367	0.520894	0.479106	0.484884	0.416054	0.597685	0.85919	0.324783
_D:	0	366	0.169111	55	36	0	42.7928	164.33	163.11	0.477681	0.522319	0.515893	0.484107	0.479928	0.419451	0.595437	0.866901	0.352756
_D:	0	367	0.174076	71	49	0	42.9886	164.04	163.15	0.476441	0.523559	0.515996	0.484004	0.481382	0.41859	0.598199	0.864598	0.353194
_D:	0	368	0.195679	71	44	0	43.368	171.23	170.11	0.476994	0.523005	0.516739	0.483261	0.47992	0.418499	0.59654	0.868018	0.352759
_D:	0	369	0.115394	53	33	0	42.7895	160.32	159.24	0.477161	0.522839	0.516151	0.483849	0.480881	0.419101	0.596873	0.865552	0.358384
_D:	0	370	0.14021	68	47	0	42.8786	175.22	174.18	0.477422	0.522578	0.517492	0.482507	0.480544	0.41784	0.59709	0.866676	0.346984
_D:	0	371	0.095905	52	31	0	42.7366	163.38	162.42	0.478685	0.521315	0.518694	0.481306	0.484338	0.417148	0.598679	0.866621	0.352358
_D:	0	372	0.13098	68	39	0	43.2234	167.18	166	0.47618	0.52382	0.515273	0.484727	0.480861	0.419269	0.596737	0.870394	0.345918
_D:	0	373	0.160439	58	37	0	43.0051	165.02	164.01	0.479071	0.520929	0.517347	0.482653	0.480264	0.418686	0.595845	0.865596	0.358343
_D:	0	374	0.151443	56	34	0	42.9545	162.95	161.96	0.477639	0.522361	0.519053	0.480947	0.482811	0.416858	0.600194	0.870756	0.34459
_D:	0	375	0.222731	76	54	0	43.5574	180.26	179.16	0.478748	0.521252	0.519401	0.480599	0.481952	0.417525	0.580224	0.863915	0.359538
_D:	0	376	0.16151	62	40	0	43.1953	165.69	164.46	0.47565	0.52435	0.517353	0.482647	0.481245	0.418124	0.580398	0.871068	0.341438
_D:	0	377	0.171982	55	43	0	42.7653	162.76	161.76	0.477583	0.522417	0.516768	0.483232	0.482071	0.419147	0.579624	0.864521	0.365799
_D:	0	378	0.148833	56	42	0	43.0964	172.24	171.09	0.480231	0.519769	0.521714	0.478286	0.483713	0.415554	0.581019	0.859177	0.345732
_D:	0	379	0.154555	59	41	0	43.7088	167.91	166.84	0.476211	0.523789	0.516682	0.483318	0.480842	0.418637	0.581368	0.863911	0.347065
_D:	0	380	0.107286	60	41	0	43.5872	167.81	166.62	0.477978	0.522022	0.519113	0.480887	0.484374	0.417406	0.581457	0.866642	0.383044
_D:	0	381	0.163761	67	36	0	43.6617	172.56	171.45	0.478721	0.521278	0.518479	0.481521	0.481678	0.417672	0.580127	0.865423	0.358639
_D:	0	382	0.214466	64	47	0	44.0782	164.2	163.32	0.478442	0.521558	0.522149	0.477851	0.483264	0.415414	0.583203	0.862387	0.348955
_D:	0	383	0.155685	62	38	0	44.1347	167.95	166.92	0.477139	0.522861	0.519332	0.480668	0.480942	0.417087	0.582543	0.869013	0.371398
_D:	0	384	0.154696	73	50	0	43.7521	164.7	163.61	0.475962	0.524038	0.517279	0.482721	0.481547	0.418534	0.578857	0.863528	0.34603
_D:	0	385	0.183251	48	29	0	43.2182	165.73	164.7	0.47815	0.52185	0.51748	0.48252	0.482771	0.418166	0.580851	0.866251	0.339729
_D:	0	386	0.17786	62	37	0	43.7994	164.06	163.14	0.476379	0.523621	0.516884	0.483116	0.479414	0.418611	0.58027	0.864515	0.348061
_D:	0	387	0.203758	69	48	0	43.4896	164.56	163.5	0.47509	0.524911	0.518399	0.481601	0.481762	0.418146	0.581755	0.866733	0.364601
_D:	0	388	0.118921	53	32	0	43.3529	174.33	173.24	0.475864	0.524136	0.516536	0.483464	0.48391	0.418891	0.581969	0.864738	0.360734
_D:	0	389	0.183991	66	44	0	43.2363	163.96	162.99	0.478908	0.521092	0.51909	0.48091	0.48102	0.417512	0.581293	0.858795	0.356816
_D:	0	390	0.215282	80	54	0	43.8503	171.56	170.56	0.476847	0.523153	0.516872	0.483128	0.481613	0.418595	0.579727	0.862866	0.364197
_D:	0	391	0.185654	60	46	0	43.3655	168.51	167.44	0.476695	0.523305	0.518073	0.481927	0.482509	0.418546	0.582224	0.868605	0.3615
_D:	0	392	0.175796	58	33	0	43.4401	165.23	164.41	0.477126	0.522874	0.517245	0.482755	0.479341	0.418075	0.581262	0.866069	0.369804
_D:	0	393	0.182976	63	38	0	43.2328	164.16	163.03	0.475962	0.524038	0.51609	0.48391	0.480718	0.419121	0.581691	0.86973	0.352953
_D:	0	394	0.180242	69	40	0	43.6474	168.65	167.58	0.476134	0.523866	0.519166	0.480834	0.481038	0.41834	0.581968	0.867813	0.379144
_D:	0	395	0.134723	59	43	0	43.4614	162.66	161.64	0.477609	0.522391	0.518315	0.481685	0.485527	0.417284	0.583645	0.855488	0.356894
_D:	0	396	0.193637	70	45	0	43.3815	169.02	167.89	0.478273	0.521728	0.51924	0.48076	0.482141	0.418033	0.580858	0.863466	0.33543
_D:	0	397	0.216898	80	58	0	44.2734	171.94	170.85	0.479527	0.520473	0.522938	0.477062	0.485054	0.414449	0.58398	0.85552	0.316465
_D:	0	398	0.160812	60	49	0	43.7686	175.01	173.98	0.478297	0.521703	0.519903	0.480097	0.484516	0.416541	0.583682	0.865697	0.363975
_D:	0	399	0.229585	77	54	0	44.4334	167.25	166.2	0.47879	0.52121	0.520581	0.479419	0.485517	0.416053	0.583726	0.868605	0.356756
_D:	0	400	0.171778	71	44	0	43.8041	166.54	164.31	0.475249	0.524751	0.51813	0.48187	0.48143	0.417909	0.581877	0.862476	0.307674
_D:	0	401	0.166753	61	37	0	43.7147	171.17	168.73	0.47739	0.522609	0.518996	0.481004	0.483985	0.417567	0.582777	0.865163	0.35747
_D:	0	402	0.120439	45	35	0	42.8707	172.1	169.9	0.478415	0.521585	0.519982	0.480019	0.483948	0.416788	0.58373	0.861547	0.38634
_D:	0	403	0.0959624	49	29	0	43.3559	172	169.78	0.47664	0.523359	0.517463	0.482537	0.483613	0.418897	0.584176	0.866852	0.363732
_D:	0	404	0.171084	70	43	0	43.9234	167.66	165.46	0.477811	0.522189	0.520467	0.479533	0.484326	0.417039	0.584106	0.864091	0.327068
_D:	0	405	0.139815	46	24	0	43.3685	168.9	166.7	0.476421	0.523579	0.517235	0.482765	0.481956	0.418663	0.581901	0.86091	0.359059
_D:	0	406	0.0977574	46	26	0	42.9286	167.4	165.29	0.473802	0.526197	0.516421	0.483579	0.483264	0.418848	0.584011	0.86914	0.3425
_D:	0	407	0.0878569	50	27	0	43.2888	168.02	165.83	0.479809	0.520191	0.518127	0.481873	0.484253	0.418116	0.583942	0.864876	0.344339
_D:	0	408	0.120116	47	32	0	43.4153	166.87	164.75	0.4811	0.5189	0.519421	0.480579	0.483431	0.417138	0.584329	0.861664	0.362244
_D:	0	409	0.145199	64	42	0	43.1618	167.43	165.48	0.479361	0.520639	0.518222	0.481778	0.482986	0.417951	0.583975	0.866593	0.362535
_D:	0	410	0.146247	59	42	0	43.5826	168.4	166.19	0.480263	0.519737	0.518156	0.481844	0.484774	0.418203	0.583571	0.865106	0.33656
_D:	0	411	0.107483	51	34	0	43.3344	168.41	166.33	0.479038	0.520962	0.517245	0.482755	0.479735	0.418839	0.582954	0.863443	0.347402
_D:	0	412	0.122352	52	31	0	43.1494	167.8	165.63	0.478647	0.521353	0.517457	0.482543	0.48153	0.419156	0.583001	0.867364	0.405445
_D:	0	413	0.12824	57	40	0	43.3692	165.66	163.53	0.480164	0.519836	0.518438	0.481562	0.482988	0.417624	0.584307	0.865092	0.346448
_D:	0	414	0.114895	51	32	0	43.0324	167.5	165.37	0.479263	0.520737	0.518532	0.481468	0.482386	0.417791	0.583746	0.860527	0.346052
_D:	0	415	0.144031	53	34	0	43.7014	173.63	171.44	0.48069	0.51931	0.520582	0.479418	0.482713	0.417094	0.582997	0.86605	0.36508
_D:	0	416	0.121114	47	25	0	43.7614	161.04	158.77	0.481747	0.518253	0.520937	0.479063	0.483076	0.416111	0.584326	0.868635	0.342883
_D:	0	417	0.141863	63	43	0	43.5374	180.68	178.51	0.478152	0.521848	0.514266	0.485734	0.479524	0.420701	0.582504	0.867389	0.336694
_D:	0	418	0.097971	53	32	0	43.8283	159.63	157.51	0.479287	0.520713	0.517699	0.482301	0.483232	0.419034	0.583313	0.863158	0.347052
_D:	0	419	0.130056	47	31	0	43.4929	167.82	165.63	0.479603	0.520397	0.517259	0.482741	0.483366	0.418953	0.582988	0.863612	0.348062
_D:	0	420	0.153407	45	26	0	43.3698	163.53	161.55	0.478644	0.521355	0.51756	0.48244	0.483387	0.417841	0.585259	0.868988	0.367432
_D:	0	421	0.0819173	47	30	0	43.9543	160.33	158.19	0.482206	0.517794	0.523145	0.476855	0.484773	0.414821	0.58407	0.860512	0.351932
_D:	0	422	0.115231	47	35	0	43.0906	171.68	169.56	0.482301	0.517699	0.519303	0.480697	0.482822	0.417671	0.583487	0.862181	0.343897
_D:	0	423	0.124513	45	31	0	42.9101	162.76	160.6	0.479038	0.520962	0.51724	0.48276	0.484206	0.418899	0.58397	0.864796	0.343855
_D:	0	424	0.126054	60	34	0	43.7792	159.92	157.77	0.477798	0.522202	0.515253	0.484747	0.48078	0.419352	0.582146	0.865359	0.333665
_D:	0	425	0.13085	52	37	0	43.4724	166.93	164.84	0.481493	0.518507	0.52048	0.47952	0.482607	0.416136	0.584101	0.860324	0.359425
_D:	0	426	0.158974	62	39	0	43.9039	175.37	173.13	0.480629	0.519371	0.520275	0.479725	0.483716	0.416723	0.583569	0.868159	0.339381
_D:	0	427	0.121881	63	35	0	43.9326	164.85	162.77	0.482121	0.517879	0.521106	0.478894	0.485034	0.416472	0.584634	0.867525	0.351317
_D:	0	428	0.161028	49	37	0	43.4635	171.28	169.08	0.478955	0.521046	0.518145	0.481855	0.481121	0.418441	0.585553	0.86456	0.333965
_D:	0	429	0.123447	59	36	0	44.2766	165.14	163.08	0.48145	0.51855	0.52074	0.47926	0.485354	0.416593	0.584094	0.862978	0.342953
_D:	0	430	0.11592	47	27	0	42.9187	171.14	168.84	0.481428	0.518571	0.520426	0.479574	0.484232	0.417388	0.583849	0.86312	0.339198
_D:	0	431	0.181686	60	46	0	43.3392	164.14	161.96	0.481058	0.518942	0.519521	0.480479	0.484443	0.417459	0.583278	0.865678	0.326128
_D:	0	432	0.154905	57	42	0	43.1663	162.29	160.14	0.482282	0.517718	0.518237	0.481763	0.483686	0.418091	0.582439	0.857639	0.353221
_D:	0	433	0.161034	66	48	0	43.8436	168.8	166.56	0.482767	0.517233	0.520528	0.479472	0.487265	0.416413	0.584528	0.862665	0.360016
_D:	0	434	0.132596	57	41	0	43.7348	160	157.76	0.483032	0.516968	0.522686	0.477314	0.485182	0.415468	0.58414	0.864486	0.341303
_D:	0	435	0.166606	58	37	0	44.0393	165.58	163.51	0.481579	0.518421	0.519567	0.480433	0.484398	0.417208	0.584147	0.863537	0.350814
_D:	0	436	0.135466	50	36	0	44.1696	165.61	163.31	0.480616	0.519384	0.518606	0.481394	0.48094	0.417989	0.582176	0.862762	0.358292
_D:	0	437	0.141362	65	39	0	43.8494	169.58	166.98	0.48272	0.51728	0.524304	0.475696	0.485135	0.414007	0.584566	0.863713	0.324433
_D:	0	438	0.112839	52	36	0	43.3034	170.61	168.01	0.479527	0.520473	0.517992	0.482008	0.481267	0.41873	0.583783	0.865867	0.384905
_D:	0	439	0.0950128	48	28	0	42.9309	169.82	166.91	0.477777	0.522222	0.516014	0.483986	0.48181	0.419611	0.583957	0.866636	0.350921
_D:	0	440	0.10589	60	37	0	43.7996	173.71	170.75	0.482211	0.517789	0.519779	0.480221	0.483884	0.417738	0.582015	0.867617	0.359597
_D:	0	441	0.106713	49	28	0	43.7383	163.83	160.78	0.480642	0.519358	0.519379	0.480621	0.483181	0.417258	0.583906	0.866824	0.341262
_D:	0	442	0.12537	56	33	0	43.3635	172.36	169.48	0.477109	0.522891	0.516377	0.483623	0.48101	0.419291	0.584127	0.867502	0.383681
_D:	0	443	0.11958	49	25	0	43.5937	162.88	160.12	0.478881	0.521118	0.518466	0.481534	0.484184	0.418806	0.584011	0.865523	0.343174
_D:	0	444	0.104722	46	29	0	43.8962	161.63	158.77	0.481113	0.518887	0.520987	0.479013	0.481655	0.416399	0.582723	0.863117	0.340011
_D:	0	445	0.0904202	48	29	0	43.4892	158.38	155.66	0.479009	0.520991	0.517839	0.482161	0.483809	0.418742	0.584748	0.864132	0.328111
_D:	0	446	0.102382	44	28	0	42.9807	176.97	173.74	0.479507	0.520493	0.517578	0.482422	0.482708	0.418218	0.583454	0.860845	0.353906
_D:	0	447	0.0900185	46	29	0	43.9278	167.71	165.01	0.480672	0.519328	0.520817	0.479183	0.48223	0.416605	0.583395	0.86032	0.328806
_D:	0	448	0.10616	48	32	0	43.167	167.3	164.35	0.478152	0.521848	0.515491	0.484509	0.481332	0.420343	0.58383	0.864138	0.371266
_D:	0	449	0.0692944	37	20	0	42.9376	157.56	154.59	0.480991	0.519009	0.517837	0.482163	0.480443	0.417932	0.581769	0.871202	0.343165
_D:	0	450	0.102681	53	35	0	43.6938	172.94	170.05	0.479136	0.520864	0.518735	0.481265	0.484239	0.417663	0.585033	0.867916	0.352101
_D:	0	451	0.0741469	50	27	0	42.9385	176.44	173.55	0.482051	0.517949	0.519908	0.480092	0.488512	0.416993	0.58352	0.867129	0.331708
_D:	0	452	0.138762	44	32	0	43.7668	169.04	165.08	0.479884	0.520116	0.519081	0.480919	0.480805	0.418154	0.582681	0.866771	0.328734
_D:	0	453	0.0834289	53	28	0	43.4537	176.13	168.3	0.483266	0.516734	0.522461	0.477539	0.485949	0.415735	0.585847	0.861181	0.33992
_D:	0	454	0.0916618	45	27	0	43.2361	167.74	162.54	0.481115	0.518885	0.52092	0.47908	0.481947	0.416592	0.584074	0.865152	0.358263
_D:	0	455	0.140974	54	40	0	43.5659	174.46	168.71	0.479982	0.520019	0.517807	0.482193	0.48118	0.41832	0.582956	0.865144	0.3501
_D:	0	456	0.103974	66	35	0	43.6086	179.36	172.62	0.478018	0.521982	0.51631	0.48369	0.482821	0.419847	0.582903	0.869403	0.351535
_D:	0	457	0.0682114	45	28	0	43	171.55	166.9	0.477616	0.522384	0.515818	0.484183	0.480178	0.420802	0.58256	0.86529	0.347815
_D:	0	458	0.143967	51	37	0	43.4	167.72	164.78	0.480701	0.519299	0.519779	0.480221	0.482364	0.417406	0.584206	0.860481	0.340772
_D:	0	459	0.136657	41	26	0	42.7503	167.26	164.45	0.481347	0.518653	0.517096	0.482904	0.484247	0.418733	0.582756	0.86148	0.344449
_D:	0	460	0.107097	62	39	0	43.4622	178.62	175.59	0.482428	0.517572	0.522807	0.477194	0.488312	0.416166	0.585316	0.861907	0.339384
_D:	0	461	0.177718	62	42	0	43.9382	163.42	160.42	0.480796	0.519204	0.520689	0.479311	0.483218	0.416698	0.583687	0.867371	0.350381
_D:	0	462	0.113727	45	31	0	43.1378	164.78	161.7	0.479206	0.520794	0.516597	0.483403	0.482462	0.419556	0.582028	0.861653	0.362761
_D:	0	463	0.0880638	52	26	0	43.4222	173.61	170.41	0.479635	0.520365	0.518701	0.481299	0.483058	0.418261	0.583649	0.8668	0.345569
_D:	0	464	0.197043	64	47	0	43.5709	173.22	169.91	0.480237	0.519763	0.518086	0.481914	0.482465	0.418963	0.583887	0.867	0.342725
_D:	0	465	0.1028	46	33	0	43.0487	166.8	163.89	0.480813	0.519187	0.520289	0.479711	0.487094	0.416881	0.58521	0.862437	0.367365
_D:	0	466	0.12242	53	29	0	43.4818	169.33	166.11	0.477442	0.522558	0.514659	0.485341	0.482045	0.420272	0.583506	0.863795	0.365455
_D:	0	467	0.139095	46	29	0	43.2137	166.34	163.34	0.478989	0.521011	0.517992	0.482009	0.481893	0.418001	0.584793	0.863659	0.349547
_D:	0	468	0.100028	40	22	0	43.3567	173.69	170.58	0.479323	0.520677	0.519624	0.480376	0.486019	0.417704	0.587095	0.863234	0.336982
_D:	0	469	0.0681655	47	28	0	43.2123	169.96	166.77	0.478922	0.521079	0.517046	0.482954	0.48258	0.420148	0.584577	0.865141	0.350399
_D:	0	470	0.10957	56	39	0	43.8583	170.5	167.52	0.480129	0.519871	0.518847	0.481153	0.483999	0.417748	0.585085	0.871335	0.362853
_D:	0	471	0.122628	54	33	0	43.9742	173.27	169.86	0.480468	0.519532	0.519866	0.480134	0.484271	0.4174	0.584782	0.862236	0.353055
_D:	0	472	0.137329	52	33	0	44.0892	169.99	166.8	0.482091	0.51791	0.521035	0.478965	0.48609	0.416368	0.585711	0.863238	0.373059
_D:	0	473	0.120717	52	32	0	44.4578	167.02	165.07	0.480283	0.519716	0.520269	0.479731	0.483761	0.415895	0.585016	0.863187	0.342236
_D:	0	474	0.0979851	46	31	0	43.6091	169.44	166.19	0.480456	0.519544	0.519702	0.480298	0.483687	0.417216	0.585103	0.866385	0.346908
_D:	0	475	0.0948635	51	27	0	43.3967	175.16	171.95	0.479301	0.520699	0.518239	0.481761	0.484684	0.418327	0.584242	0.863612	0.371828
_D:	0	476	0.101462	61	40	0	43.6311	169.56	166.34	0.48025	0.51975	0.519312	0.480688	0.483741	0.417826	0.584363	0.863337	0.341741
_D:	0	477	0.129677	50	34	0	43.8069	166.67	164.11	0.481124	0.518876	0.521409	0.478591	0.482523	0.416787	0.583998	0.864864	0.332157
_D:	0	478	0.120226	52	36	0	43.6598	166.21	163.57	0.478825	0.521175	0.517716	0.482284	0.482057	0.418747	0.584394	0.868574	0.349325
_D:	0	479	0.0797368	44	21	0	43.4642	168.63	165.96	0.481661	0.518339	0.518558	0.481442	0.484228	0.41916	0.58243	0.864632	0.35188
_D:	0	480	0.162617	67	44	0	43.6763	172.34	169.46	0.478278	0.521722	0.515999	0.484001	0.482226	0.419763	0.584077	0.870335	0.348814
_D:	0	481	0.103758	50	30	0	43.6275	170.45	167.49	0.481418	0.518582	0.520962	0.479038	0.48583	0.416304	0.586297	0.866455	0.342107
_D:	0	482	0.0931241	53	35	0	43.6979	164.85	162.1	0.481276	0.518724	0.520721	0.479279	0.48251	0.417658	0.583894	0.866249	0.359134
_D:	0	483	0.123781	43	27	0	43.2245	166.63	163.91	0.479943	0.520057	0.518446	0.481554	0.483659	0.418152	0.584741	0.867512	0.350701
_D:	0	484	0.0826322	39	24	0	43.5283	168.4	165.32	0.480869	0.519131	0.51821	0.48179	0.483198	0.418045	0.58439	0.867935	0.345638
_D:	0	485	0.105024	44	26	0	43.632	170.28	167.38	0.482791	0.517209	0.521599	0.478401	0.487796	0.416664	0.585201	0.865521	0.344701
_D:	0	486	0.143459	59	38	0	44.0253	161.72	158.86	0.48163	0.51837	0.522861	0.477138	0.484323	0.414895	0.585992	0.867334	0.354065
_D:	0	487	0.0912079	50	32	0	43.8083	173.68	170.58	0.480258	0.519742	0.51907	0.48093	0.482884	0.418389	0.585087	0.866177	0.352559
_D:	0	488	0.182081	53	37	0	43.7629	167.59	164.61	0.484051	0.515949	0.524259	0.475741	0.487748	0.414032	0.586212	0.865801	0.335507
_D:	0	489	0.132514	63	39	0	43.7967	163.98	161.17	0.481588	0.518412	0.520954	0.479046	0.485211	0.416778	0.584127	0.866793	0.371749
_D:	0	490	0.130324	48	27	0	43.3171	161.23	158.8	0.479421	0.520579	0.51786	0.48214	0.483387	0.418886	0.584519	0.863413	0.360756
_D:	0	491	0.105082	50	35	0	43.4477	161.09	158.98	0.481213	0.518787	0.519695	0.480305	0.484118	0.418274	0.584184	0.866896	0.366656
_D:	0	492	0.1128	51	32	0	43.2684	166.81	163.78	0.478418	0.521582	0.516683	0.483317	0.483161	0.420208	0.585402	0.86897	0.365532
_D:	0	493	0.123239	53	31	0	43.1994	165.64	162.8	0.481	0.519	0.51979	0.48021	0.483669	0.417359	0.584694	0.867624	0.351754
_D:	0	494	0.10595	46	29	0	43.9817	168.97	166.06	0.479395	0.520605	0.516668	0.483332	0.483364	0.419139	0.584256	0.862522	0.342018
_D:	0	495	0.138637	58	37	0	43.6835	165.87	163.19	0.478613	0.521387	0.516821	0.483179	0.482009	0.419318	0.58382	0.867443	0.351246
_D:	0	496	0.088043	51	32	0	43.1681	174.53	171.54	0.47815	0.52185	0.515294	0.484706	0.4807	0.420443	0.583877	0.86497	0.316076
_D:	0	497	0.0500562	43	18	0	43.2751	166.76	164.03	0.478364	0.521636	0.518204	0.481796	0.483939	0.419095	0.584792	0.867629	0.336375
_D:	0	498	0.0846379	49	25	0	43.4957	159.46	156.6	0.480143	0.519857	0.51789	0.48211	0.483651	0.418831	0.585457	0.862889	0.336567
_D:	0	499	0.108612	52	34	0	43.1782	182.06	179.13	0.48033	0.51967	0.5188	0.4812	0.485735	0.418025	0.586097	0.86184	0.34796
