-7.5	0	-7.5	0	44.1	0	-30.1	0	-10.9	0	0	0	0	0	0	0
-2.6	0	-2.6	0	48.8	0	-25.2	0	-6	0	4.8	0	4.8	1	4.8	0
2.3	0	2.3	0	53.5	0	-20.2	0	-1.2	0	9.7	1	9.7	0	9.7	0
7.2	80	7.2	80	58.1	54	-15.3	30	3.7	44	14.5	376	14.5	391	14.5	225
12.1	151	12.1	151	62.8	124	-10.3	100	8.6	101	19.3	1128	19.3	941	19.3	768
16.9	175	16.9	175	67.5	163	-5.4	139	13.5	157	24.1	1198	24.1	1104	24.2	860
21.8	191	21.8	191	72.2	169	-0.4	168	18.4	163	29	1321	29	1174	29	936
26.7	203	26.7	203	76.8	165	4.5	189	23.3	164	33.8	1386	33.8	1300	33.8	1013
31.6	205	31.6	205	81.5	198	9.5	180	28.2	178	38.6	1464	38.6	1351	38.7	1037
36.5	240	36.5	240	86.2	147	14.4	192	33.1	150	43.4	1557	43.5	1392	43.5	1035
41.4	238	41.4	238	90.9	225	19.4	182	38	168	48.3	1548	48.3	1454	48.3	1135
46.3	269	46.3	269	95.5	202	24.3	185	42.9	192	53.1	1736	53.1	1535	53.2	1236
51.2	306	51.2	306	100.2	252	29.3	243	47.8	192	57.9	1790	58	1586	58	1277
56.1	300	56.1	300	104.9	296	34.2	251	52.7	232	62.7	1888	62.8	1641	62.8	1268
61	340	61	340	109.6	293	39.2	283	57.6	290	67.6	1810	67.6	1651	67.7	1306
65.9	410	65.9	410	114.2	356	44.1	323	62.4	315	72.4	1886	72.4	1733	72.5	1468
70.8	426	70.8	426	118.9	393	49.1	428	67.3	409	77.2	1973	77.3	1886	77.3	1503
75.7	503	75.7	503	123.6	420	54.1	445	72.2	431	82	2300	82.1	2001	82.2	1632
80.5	566	80.5	566	128.3	546	59	516	77.1	442	86.9	2686	86.9	2442	87	1955
85.4	637	85.4	637	133	622	64	563	82	583	91.7	3252	91.8	3043	91.8	2359
90.3	724	90.3	724	137.6	617	68.9	574	86.9	563	96.5	3583	96.6	3162	96.7	2345
95.2	638	95.2	638	142.3	649	73.9	593	91.8	566	101.3	3215	101.4	2715	101.5	2271
100.1	600	100.1	600	147	587	78.8	544	96.7	599	106.2	2857	106.3	2532	106.3	2185
105	613	105	613	151.7	584	83.8	608	101.6	584	111	2663	111.1	2338	111.2	1887
109.9	599	109.9	599	156.3	574	88.7	586	106.5	522	115.8	2284	115.9	2226	116	1770
114.8	568	114.8	568	161	552	93.7	529	111.4	538	120.7	2239	120.7	2100	120.8	1712
119.7	561	119.7	561	165.7	515	98.6	536	116.3	506	125.5	2097	125.6	1983	125.7	1684
124.6	523	124.6	523	170.4	526	103.6	512	121.2	486	130.3	2223	130.4	2131	130.5	1649
129.5	609	129.5	609	175	541	108.5	505	126	513	135.1	2379	135.2	2125	135.3	1713
134.4	548	134.4	548	179.7	529	113.5	486	130.9	503	140	2331	140.1	2059	140.2	1686
139.3	555	139.3	555	184.4	509	118.4	505	135.8	497	144.8	2244	144.9	2052	145	1715
144.1	541	144.1	541	189.1	521	123.4	463	140.7	508	149.6	2312	149.7	2088	149.8	1691
149	550	149	550	193.7	534	128.4	515	145.6	490	154.4	2382	154.5	2156	154.7	1795
153.9	521	153.9	521	198.4	510	133.3	492	150.5	463	159.3	2432	159.4	2167	159.5	1732
158.8	508	158.8	508	203.1	491	138.3	455	155.4	435	164.1	2286	164.2	2009	164.3	1682
163.7	520	163.7	520	207.8	433	143.2	450	160.3	451	168.9	2449	169	2203	169.2	1860
168.6	479	168.6	479	212.5	482	148.2	478	165.2	414	173.7	2472	173.9	2245	174	1758
173.5	503	173.5	503	217.1	450	153.1	484	170.1	409	178.6	2510	178.7	2237	178.8	1832
178.4	494	178.4	494	221.8	434	158.1	416	175	372	183.4	2555	183.5	2304	183.7	1962
183.3	451	183.3	451	226.5	437	163	402	179.9	402	188.2	2653	188.4	2386	188.5	1895
188.2	455	188.2	455	231.2	409	168	452	184.8	351	193	2844	193.2	2383	193.3	1967
193.1	458	193.1	458	235.8	425	172.9	389	189.6	367	197.9	2910	198	2470	198.2	2041
198	433	198	433	240.5	423	177.9	403	194.5	359	202.7	2826	202.8	2647	203	2023
202.9	472	202.9	472	245.2	417	182.8	382	199.4	370	207.5	3031	207.7	2583	207.8	1932
207.7	447	207.7	447	249.9	393	187.8	371	204.3	353	212.3	2946	212.5	2483	212.7	1944
212.6	420	212.6	420	254.5	384	192.7	373	209.2	346	217.2	2887	217.3	2389	217.5	1925
217.5	444	217.5	444	259.2	380	197.7	373	214.1	346	222	2829	222.2	2495	222.3	1868
222.4	400	222.4	400	263.9	378	202.7	369	219	375	226.8	2799	227	2392	227.2	1870
227.3	454	227.3	454	268.6	381	207.6	365	223.9	321	231.7	2866	231.8	2353	232	1803
232.2	401	232.2	401	273.2	383	212.6	355	228.8	321	236.5	2754	236.7	2306	236.8	1755
237.1	376	237.1	376	277.9	340	217.5	347	233.7	312	241.3	2580	241.5	2244	241.7	1768
242	380	242	380	282.6	337	222.5	313	238.6	303	246.1	2585	246.3	2219	246.5	1691
246.9	385	246.9	385	287.3	361	227.4	296	243.5	295	251	2545	251.1	2269	251.3	1681
251.8	383	251.8	383	292	326	232.4	291	248.4	292	255.8	2548	256	2211	256.2	1643
256.7	351	256.7	351	296.6	330	237.3	279	253.2	245	260.6	2488	260.8	2126	261	1659
261.6	337	261.6	337	301.3	316	242.3	294	258.1	262	265.4	2467	265.6	2144	265.8	1583
266.5	339	266.5	339	306	294	247.2	251	263	236	270.3	2393	270.5	2198	270.7	1644
271.3	321	271.3	321	310.7	297	252.2	277	267.9	214	275.1	2354	275.3	2105	275.5	1640
276.2	298	276.2	298	315.3	293	257.1	242	272.8	253	279.9	2325	280.1	2094	280.3	1580
281.1	294	281.1	294	320	258	262.1	236	277.7	226	284.7	2361	284.9	2064	285.2	1554
286	312	286	312	324.7	241	267	256	282.6	208	289.6	2279	289.8	1968	290	1507
290.9	269	290.9	269	329.4	258	272	217	287.5	225	294.4	2167	294.6	1998	294.8	1536
295.8	265	295.8	265	334	273	277	223	292.4	206	299.2	2268	299.4	2037	299.7	1505
300.7	263	300.7	263	338.7	253	281.9	203	297.3	215	304	2301	304.3	2096	304.5	1611
305.6	278	305.6	278	343.4	268	286.9	231	302.2	194	308.9	2284	309.1	1986	309.3	1543
310.5	274	310.5	274	348.1	240	291.8	205	307.1	191	313.7	2205	313.9	1980	314.2	1527
315.4	247	315.4	247	352.7	233	296.8	213	312	180	318.5	2186	318.8	1923	319	1538
320.3	261	320.3	261	357.4	211	301.7	187	316.8	177	323.3	2135	323.6	1961	323.8	1445
325.2	241	325.2	241	362.1	237	306.7	211	321.7	197	328.2	2226	328.4	1907	328.7	1484
330.1	249	330.1	249	366.8	233	311.6	189	326.6	176	333	2173	333.2	1868	333.5	1520
334.9	239	334.9	239	371.5	189	316.6	227	331.5	170	337.8	2180	338.1	1983	338.3	1468
339.8	221	339.8	221	376.1	248	321.5	202	336.4	142	342.7	2134	342.9	1991	343.2	1444
344.7	239	344.7	239	380.8	216	326.5	187	341.3	173	347.5	2206	347.7	2016	348	1613
349.6	214	349.6	214	385.5	187	331.4	193	346.2	165	352.3	2159	352.6	1890	352.8	1547
354.5	206	354.5	206	390.2	193	336.4	197	351.1	165	357.1	2111	357.4	1917	357.7	1524
359.4	207	359.4	207	394.8	189	341.3	191	356	155	362	2180	362.2	1879	362.5	1508
364.3	215	364.3	215	399.5	182	346.3	154	360.9	150	366.8	2106	367.1	1910	367.3	1506
369.2	193	369.2	193	404.2	182	351.3	170	365.8	148	371.6	2093	371.9	1913	372.2	1491
374.1	169	374.1	169	408.9	174	356.2	144	370.7	169	376.4	2186	376.7	1861	377	1499
379	196	379	196	413.5	180	361.2	167	375.6	132	381.3	2157	381.5	2056	381.8	1466
383.9	220	383.9	220	418.2	188	366.1	171	380.4	157	386.1	2161	386.4	1967	386.7	1528
388.8	213	388.8	213	422.9	174	371.1	148	385.3	148	390.9	2107	391.2	1973	391.5	1561
393.7	188	393.7	188	427.6	168	376	153	390.2	150	395.7	2085	396	1940	396.3	1515
398.5	214	398.5	214	432.2	155	381	153	395.1	146	400.6	2101	400.9	1976	401.2	1519
403.4	164	403.4	164	436.9	158	385.9	153	400	123	405.4	2110	405.7	1932	406	1526
408.3	185	408.3	185	441.6	140	390.9	161	404.9	123	410.2	2067	410.5	2003	410.8	1573
413.2	167	413.2	167	446.3	180	395.8	160	409.8	122	415	2072	415.3	1932	415.7	1532
418.1	147	418.1	147	451	158	400.8	139	414.7	143	419.9	2202	420.2	1915	420.5	1507
423	168	423	168	455.6	148	405.7	139	419.6	120	424.7	2233	425	2015	425.3	1534
427.9	178	427.9	178	460.3	148	410.7	154	424.5	138	429.5	2145	429.8	1966	430.2	1565
432.8	152	432.8	152	465	143	415.6	163	429.4	142	434.4	2173	434.7	1982	435	1495
437.7	209	437.7	209	469.7	175	420.6	125	434.3	118	439.2	2094	439.5	1852	439.8	1515
442.6	179	442.6	179	474.3	155	425.6	153	439.2	133	444	2071	444.3	1802	444.7	1499
447.5	173	447.5	173	479	167	430.5	126	444	120	448.8	1988	449.2	1798	449.5	1424
452.4	169	452.4	169	483.7	143	435.5	125	448.9	114	453.7	1937	454	1754	454.3	1436
457.3	165	457.3	165	488.4	146	440.4	126	453.8	112	458.5	1773	458.8	1666	459.2	1351
462.1	179	462.1	179	493	152	445.4	147	458.7	129	463.3	1834	463.6	1533	464	1301
467	185	467	185	497.7	142	450.3	129	463.6	106	468.1	1563	468.5	1435	468.8	1237
471.9	146	471.9	146	502.4	138	455.3	130	468.5	117	473	1458	473.3	1342	473.6	1025
476.8	148	476.8	148	507.1	140	460.2	135	473.4	116	477.8	1249	478.1	1242	478.5	1042
481.7	144	481.7	144	511.7	137	465.2	128	478.3	111	482.6	1169	483	1103	483.3	929
486.6	138	486.6	138	516.4	143	470.1	125	483.2	96	487.4	1100	487.8	1007	488.1	828
491.5	152	491.5	152	521.1	117	475.1	123	488.1	114	492.3	976	492.6	898	493	803
496.4	141	496.4	141	525.8	144	480	122	493	111	497.1	809	497.5	853	497.8	775
501.3	163	501.3	163	530.5	137	485	138	497.9	126	501.9	859	502.3	796	502.6	723
506.2	145	506.2	145	535.1	151	489.9	125	502.8	110	506.7	781	507.1	669	507.5	666
511.1	148	511.1	148	539.8	135	494.9	113	507.6	110	511.6	752	511.9	662	512.3	622
516	152	516	152	544.5	130	499.9	120	512.5	114	516.4	660	516.8	638	517.1	598
520.9	141	520.9	141	549.2	129	504.8	116	517.4	119	521.2	595	521.6	632	522	587
525.7	126	525.7	126	553.8	120	509.8	115	522.3	94	526	556	526.4	590	526.8	548
530.6	123	530.6	123	558.5	129	514.7	117	527.2	127	530.9	562	531.3	584	531.6	563
535.5	139	535.5	139	563.2	123	519.7	112	532.1	97	535.7	562	536.1	532	536.5	524
540.4	134	540.4	134	567.9	135	524.6	120	537	118	540.5	564	540.9	547	541.3	572
545.3	141	545.3	141	572.5	108	529.6	124	541.9	99	545.4	493	545.7	522	546.1	492
550.2	120	550.2	120	577.2	129	534.5	116	546.8	104	550.2	503	550.6	504	551	518
555.1	142	555.1	142	581.9	127	539.5	119	551.7	104	555	428	555.4	530	555.8	479
560	158	560	158	586.6	117	544.4	99	556.6	89	559.8	438	560.2	465	560.6	438
564.9	136	564.9	136	591.2	129	549.4	116	561.5	95	564.7	414	565.1	420	565.5	493
569.8	130	569.8	130	595.9	136	554.3	121	566.4	97	569.5	396	569.9	433	570.3	449
574.7	134	574.7	134	600.6	108	559.3	98	571.2	81	574.3	416	574.7	469	575.1	467
579.6	127	579.6	127	605.3	134	564.2	90	576.1	95	579.1	410	579.6	426	580	489
584.5	114	584.5	114	610	103	569.2	134	581	86	584	406	584.4	447	584.8	416
589.3	139	589.3	139	614.6	109	574.1	118	585.9	102	588.8	457	589.2	453	589.6	465
594.2	133	594.2	133	619.3	134	579.1	125	590.8	105	593.6	486	594	484	594.5	448
599.1	127	599.1	127	624	132	584.1	120	595.7	94	598.4	581	598.9	565	599.3	516
604	134	604	134	628.7	117	589	105	600.6	102	603.3	707	603.7	676	604.1	603
608.9	133	608.9	133	633.3	124	594	133	605.5	127	608.1	860	608.5	857	609	740
613.8	160	613.8	160	638	117	598.9	118	610.4	97	612.9	1173	613.4	1083	613.8	910
618.7	156	618.7	156	642.7	128	603.9	112	615.3	99	617.7	1503	618.2	1458	618.6	1143
623.6	159	623.6	159	647.4	117	608.8	127	620.2	107	622.6	2026	623	1856	623.5	1521
628.5	153	628.5	153	652	146	613.8	123	625.1	108	627.4	2623	627.9	2426	628.3	1940
633.4	152	633.4	152	656.7	157	618.7	125	630	122	632.2	3499	632.7	3145	633.1	2460
638.3	154	638.3	154	661.4	138	623.7	120	634.8	118	637	4353	637.5	3916	638	3033
643.2	173	643.2	173	666.1	167	628.6	128	639.7	119	641.9	5214	642.3	4788	642.8	3607
648.1	189	648.1	189	670.7	159	633.6	131	644.6	134	646.7	6140	647.2	5561	647.6	4332
652.9	197	652.9	197	675.4	163	638.5	144	649.5	139	651.5	7002	652	6248	652.5	4801
657.8	218	657.8	218	680.1	164	643.5	147	654.4	147	656.4	7544	656.8	6843	657.3	5145
662.7	207	662.7	207	684.8	168	648.4	146	659.3	154	661.2	7895	661.7	7028	662.1	5152
667.6	200	667.6	200	689.5	176	653.4	161	664.2	158	666	7615	666.5	6887	667	5309
672.5	182	672.5	182	694.1	185	658.4	175	669.1	166	670.8	7247	671.3	6616	671.8	5032
677.4	172	677.4	172	698.8	166	663.3	148	674	149	675.7	6639	676.1	6010	676.6	4509
682.3	185	682.3	185	703.5	133	668.3	145	678.9	139	680.5	5672	681	5009	681.5	3877
687.2	177	687.2	177	708.2	133	673.2	130	683.8	135	685.3	4968	685.8	4231	686.3	3197
692.1	139	692.1	139	712.8	134	678.2	150	688.7	124	690.1	3948	690.6	3429	691.1	2604
697	136	697	136	717.5	139	683.1	116	693.6	111	695	3089	695.5	2582	696	1963
701.9	159	701.9	159	722.2	128	688.1	94	698.4	99	699.8	2200	700.3	1885	700.8	1467
706.8	116	706.8	116	726.9	113	693	105	703.3	79	704.6	1531	705.1	1317	705.6	1011
711.7	132	711.7	132	731.5	118	698	117	708.2	96	709.4	1087	710	896	710.5	650
716.5	105	716.5	105	736.2	118	702.9	94	713.1	76	714.3	657	714.8	570	715.3	394
721.4	111	721.4	111	740.9	102	707.9	87	718	84	719.1	418	719.6	362	720.1	285
726.3	101	726.3	101	745.6	107	712.8	78	722.9	76	723.9	256	724.4	216	725	162
731.2	106	731.2	106	750.2	107	717.8	91	727.8	81	728.7	158	729.3	146	729.8	102
736.1	92	736.1	92	754.9	101	722.7	82	732.7	63	733.6	95	734.1	74	734.6	71
741	94	741	94	759.6	81	727.7	75	737.6	76	738.4	50	738.9	56	739.5	49
745.9	91	745.9	91	764.3	86	732.7	98	742.5	67	743.2	33	743.8	27	744.3	25
750.8	118	750.8	118	769	104	737.6	94	747.4	61	748	25	748.6	20	749.1	22
755.7	92	755.7	92	773.6	97	742.6	81	752.3	73	752.9	16	753.4	13	754	13
760.6	98	760.6	98	778.3	89	747.5	75	757.2	81	757.7	9	758.3	12	758.8	11
765.5	98	765.5	98	783	111	752.5	73	762	88	762.5	14	763.1	14	763.6	13
770.4	111	770.4	111	787.7	84	757.4	87	766.9	74	767.4	14	767.9	14	768.5	6
775.3	103	775.3	103	792.3	90	762.4	88	771.8	90	772.2	8	772.7	11	773.3	19
780.1	102	780.1	102	797	106	767.3	95	776.7	66	777	7	777.6	8	778.1	7
785	104	785	104	801.7	118	772.3	89	781.6	83	781.8	14	782.4	10	783	9
789.9	89	789.9	89	806.4	91	777.2	86	786.5	66	786.7	6	787.2	14	787.8	10
794.8	127	794.8	127	811	99	782.2	77	791.4	81	791.5	8	792.1	11	792.6	5
799.7	102	799.7	102	815.7	105	787.1	83	796.3	71	796.3	10	796.9	9	797.5	9
804.6	103	804.6	103	820.4	113	792.1	94	801.2	61	801.1	12	801.7	7	802.3	14
809.5	98	809.5	98	825.1	74	797	87	806.1	70	806	9	806.5	11	807.1	11
814.4	89	814.4	89	829.7	114	802	92	811	58	810.8	5	811.4	10	812	7
819.3	111	819.3	111	834.4	102	807	100	815.9	68	815.6	13	816.2	11	816.8	6
824.2	115	824.2	115	839.1	111	811.9	85	820.8	69	820.4	11	821	5	821.6	8
829.1	93	829.1	93	843.8	99	816.9	93	825.6	60	825.3	9	825.9	14	826.5	9
834	117	834	117	848.5	113	821.8	68	830.5	76	830.1	15	830.7	9	831.3	10
838.9	108	838.9	108	853.1	104	826.8	98	835.4	45	834.9	11	835.5	12	836.1	6
843.7	124	843.7	124	857.8	106	831.7	80	840.3	64	839.7	5	840.4	11	841	11
848.6	104	848.6	104	862.5	76	836.7	85	845.2	80	844.6	17	845.2	11	845.8	11
853.5	104	853.5	104	867.2	121	841.6	85	850.1	69	849.4	19	850	11	850.6	11
858.4	99	858.4	99	871.8	109	846.6	104	855	64	854.2	10	854.8	9	855.5	9
863.3	106	863.3	106	876.5	94	851.5	90	859.9	73	859	13	859.7	11	860.3	5
868.2	106	868.2	106	881.2	102	856.5	95	864.8	83	863.9	10	864.5	6	865.1	5
873.1	83	873.1	83	885.9	101	861.4	79	869.7	67	868.7	13	869.3	3	870	12
878	107	878	107	890.5	110	866.4	102	874.6	64	873.5	10	874.2	14	874.8	12
882.9	107	882.9	107	895.2	86	871.3	80	879.5	79	878.4	11	879	9	879.6	8
887.8	111	887.8	111	899.9	108	876.3	82	884.4	80	883.2	9	883.8	7	884.5	13
892.7	97	892.7	97	904.6	112	881.3	108	889.2	73	888	13	888.7	13	889.3	11
897.6	107	897.6	107	909.2	118	886.2	118	894.1	74	892.8	7	893.5	9	894.1	11
902.5	107	902.5	107	913.9	99	891.2	85	899	59	897.7	11	898.3	10	899	8
907.3	105	907.3	105	918.6	117	896.1	88	903.9	69	902.5	12	903.1	7	903.8	4
912.2	100	912.2	100	923.3	103	901.1	97	908.8	89	907.3	17	908	11	908.6	10
917.1	106	917.1	106	928	87	906	92	913.7	75	912.1	20	912.8	7	913.5	9
922	101	922	101	932.6	87	911	96	918.6	61	917	9	917.6	8	918.3	10
926.9	82	926.9	82	937.3	102	915.9	87	923.5	70	921.8	7	922.5	9	923.1	4
931.8	89	931.8	89	942	85	920.9	84	928.4	92	926.6	14	927.3	8	928	4
936.7	78	936.7	78	946.7	97	925.8	91	933.3	63	931.4	9	932.1	8	932.8	8
941.6	95	941.6	95	951.3	113	930.8	80	938.2	66	936.3	16	936.9	3	937.6	5
946.5	80	946.5	80	956	98	935.7	82	943.1	75	941.1	4	941.8	12	942.5	11
951.4	94	951.4	94	960.7	86	940.7	67	948	61	945.9	8	946.6	10	947.3	9
956.3	101	956.3	101	965.4	78	945.6	84	952.8	45	950.7	8	951.4	4	952.1	5
961.2	86	961.2	86	970	71	950.6	70	957.7	58	955.6	8	956.3	6	957	4
966.1	81	966.1	81	974.7	76	955.6	65	962.6	51	960.4	12	961.1	8	961.8	8
970.9	77	970.9	77	979.4	73	960.5	56	967.5	59	965.2	9	965.9	12	966.6	10
975.8	62	975.8	62	984.1	67	965.5	72	972.4	54	970	10	970.8	7	971.5	11
980.7	59	980.7	59	988.7	89	970.4	54	977.3	46	974.9	4	975.6	12	976.3	4
985.6	69	985.6	69	993.4	64	975.4	68	982.2	56	979.7	2	980.4	4	981.1	9
990.5	72	990.5	72	998.1	71	980.3	64	987.1	59	984.5	2	985.2	4	986	6
995.4	63	995.4	63	1002.8	75	985.3	62	992	49	989.4	9	990.1	5	990.8	3
1000.3	72	1000.3	72	1007.5	72	990.2	64	996.9	49	994.2	12	994.9	6	995.6	7
1005.2	54	1005.2	54	1012.1	64	995.2	47	1001.8	43	999	8	999.7	5	1000.5	6
1010.1	74	1010.1	74	1016.8	68	1000.1	64	1006.7	59	1003.8	8	1004.6	10	1005.3	8
1015	64	1015	64	1021.5	63	1005.1	66	1011.6	51	1008.7	7	1009.4	8	1010.1	8
1019.9	69	1019.9	69	1026.2	60	1010	50	1016.4	47	1013.5	4	1014.2	2	1015	5
1024.8	56	1024.8	56	1030.8	66	1015	54	1021.3	46	1018.3	8	1019.1	6	1019.8	4
1029.7	59	1029.7	59	1035.5	63	1019.9	52	1026.2	35	1023.1	5	1023.9	6	1024.6	4
1034.5	47	1034.5	47	1040.2	63	1024.9	57	1031.1	52	1028	6	1028.7	7	1029.5	5
1039.4	62	1039.4	62	1044.9	56	1029.9	52	1036	46	1032.8	5	1033.5	2	1034.3	5
1044.3	70	1044.3	70	1049.5	70	1034.8	59	1040.9	60	1037.6	9	1038.4	5	1039.1	11
1049.2	65	1049.2	65	1054.2	61	1039.8	61	1045.8	39	1042.4	6	1043.2	8	1044	9
1054.1	53	1054.1	53	1058.9	58	1044.7	39	1050.7	48	1047.3	10	1048	9	1048.8	4
1059	55	1059	55	1063.6	66	1049.7	56	1055.6	44	1052.1	5	1052.9	2	1053.6	4
1063.9	64	1063.9	64	1068.2	50	1054.6	64	1060.5	43	1056.9	7	1057.7	4	1058.5	6
1068.8	60	1068.8	60	1072.9	54	1059.6	47	1065.4	53	1061.7	3	1062.5	7	1063.3	5
1073.7	64	1073.7	64	1077.6	55	1064.5	51	1070.3	51	1066.6	10	1067.3	11	1068.1	6
1078.6	72	1078.6	72	1082.3	58	1069.5	59	1075.2	41	1071.4	6	1072.2	0	1073	5
1083.5	50	1083.5	50	1087	60	1074.4	51	1080	37	1076.2	7	1077	11	1077.8	6
1088.4	58	1088.4	58	1091.6	66	1079.4	49	1084.9	45	1081	7	1081.8	3	1082.6	2
1093.3	54	1093.3	54	1096.3	57	1084.3	50	1089.8	50	1085.9	4	1086.7	8	1087.5	11
1098.1	62	1098.1	62	1101	51	1089.3	61	1094.7	44	1090.7	6	1091.5	6	1092.3	5
1103	66	1103	66	1105.7	61	1094.2	50	1099.6	45	1095.5	5	1096.3	5	1097.1	5
1107.9	58	1107.9	58	1110.3	60	1099.2	51	1104.5	40	1100.4	2	1101.2	5	1102	6
1112.8	58	1112.8	58	1115	55	1104.1	66	1109.4	51	1105.2	4	1106	11	1106.8	5
1117.7	70	1117.7	70	1119.7	61	1109.1	36	1114.3	41	1110	6	1110.8	8	1111.6	5
1122.6	49	1122.6	49	1124.4	67	1114.1	72	1119.2	53	1114.8	4	1115.6	6	1116.5	8
1127.5	83	1127.5	83	1129	85	1119	73	1124.1	62	1119.7	7	1120.5	10	1121.3	7
1132.4	102	1132.4	102	1133.7	77	1124	62	1129	52	1124.5	2	1125.3	2	1126.1	11
1137.3	95	1137.3	95	1138.4	106	1128.9	84	1133.9	48	1129.3	12	1130.1	5	1131	6
1142.2	108	1142.2	108	1143.1	106	1133.9	100	1138.8	69	1134.1	8	1135	10	1135.8	8
1147.1	135	1147.1	135	1147.7	114	1138.8	89	1143.6	67	1139	7	1139.8	4	1140.6	2
1152	132	1152	132	1152.4	131	1143.8	105	1148.5	86	1143.8	3	1144.6	9	1145.5	5
1156.9	146	1156.9	146	1157.1	130	1148.7	114	1153.4	100	1148.6	6	1149.5	5	1150.3	8
1161.7	151	1161.7	151	1161.8	144	1153.7	96	1158.3	93	1153.4	9	1154.3	5	1155.1	4
1166.6	151	1166.6	151	1166.5	130	1158.6	110	1163.2	96	1158.3	5	1159.1	2	1160	6
1171.5	168	1171.5	168	1171.1	148	1163.6	123	1168.1	92	1163.1	4	1163.9	2	1164.8	5
1176.4	167	1176.4	167	1175.8	161	1168.5	116	1173	103	1167.9	6	1168.8	5	1169.6	3
1181.3	156	1181.3	156	1180.5	144	1173.5	130	1177.9	92	1172.7	8	1173.6	6	1174.5	9
1186.2	132	1186.2	132	1185.2	143	1178.4	103	1182.8	89	1177.6	7	1178.4	4	1179.3	3
1191.1	125	1191.1	125	1189.8	141	1183.4	108	1187.7	96	1182.4	10	1183.3	4	1184.1	8
1196	122	1196	122	1194.5	123	1188.4	106	1192.6	74	1187.2	2	1188.1	10	1189	3
1200.9	130	1200.9	130	1199.2	115	1193.3	127	1197.5	65	1192	5	1192.9	5	1193.8	5
1205.8	115	1205.8	115	1203.9	115	1198.3	99	1202.4	85	1196.9	6	1197.7	7	1198.6	4
1210.7	104	1210.7	104	1208.5	98	1203.2	77	1207.2	66	1201.7	3	1202.6	2	1203.5	8
1215.6	67	1215.6	67	1213.2	74	1208.2	87	1212.1	46	1206.5	0	1207.4	3	1208.3	0
1220.5	71	1220.5	71	1217.9	55	1213.1	75	1217	44	1211.4	1	1212.2	4	1213.1	3
1225.3	73	1225.3	73	1222.6	61	1218.1	52	1221.9	39	1216.2	1	1217.1	3	1218	5
1230.2	46	1230.2	46	1227.2	56	1223	48	1226.8	39	1221	6	1221.9	4	1222.8	2
1235.1	51	1235.1	51	1231.9	37	1228	37	1231.7	31	1225.8	1	1226.7	6	1227.6	3
1240	28	1240	28	1236.6	46	1232.9	29	1236.6	25	1230.7	6	1231.6	6	1232.5	1
1244.9	38	1244.9	38	1241.3	22	1237.9	25	1241.5	22	1235.5	5	1236.4	2	1237.3	0
1249.8	22	1249.8	22	1246	38	1242.8	22	1246.4	16	1240.3	4	1241.2	2	1242.1	3
1254.7	37	1254.7	37	1250.6	24	1247.8	19	1251.3	28	1245.1	2	1246	4	1247	6
1259.6	30	1259.6	30	1255.3	28	1252.7	28	1256.2	15	1250	6	1250.9	12	1251.8	4
1264.5	33	1264.5	33	1260	21	1257.7	24	1261.1	18	1254.8	3	1255.7	6	1256.6	5
1269.4	28	1269.4	28	1264.7	37	1262.7	26	1266	24	1259.6	5	1260.5	3	1261.5	1
1274.3	37	1274.3	37	1269.3	37	1267.6	40	1270.8	25	1264.4	3	1265.4	4	1266.3	4
1279.2	50	1279.2	50	1274	33	1272.6	27	1275.7	23	1269.3	3	1270.2	1	1271.1	2
1284.1	43	1284.1	43	1278.7	51	1277.5	39	1280.6	42	1274.1	3	1275	3	1276	4
1288.9	43	1288.9	43	1283.4	60	1282.5	43	1285.5	25	1278.9	3	1279.9	4	1280.8	2
1293.8	62	1293.8	62	1288	53	1287.4	51	1290.4	28	1283.7	0	1284.7	4	1285.6	6
1298.7	64	1298.7	64	1292.7	56	1292.4	63	1295.3	35	1288.6	4	1289.5	3	1290.5	4
1303.6	86	1303.6	86	1297.4	73	1297.3	70	1300.2	45	1293.4	4	1294.3	2	1295.3	4
1308.5	95	1308.5	95	1302.1	66	1302.3	88	1305.1	61	1298.2	1	1299.2	4	1300.1	3
1313.4	106	1313.4	106	1306.7	90	1307.2	62	1310	62	1303.1	3	1304	3	1305	3
1318.3	108	1318.3	108	1311.4	96	1312.2	92	1314.9	48	1307.9	6	1308.8	4	1309.8	3
1323.2	109	1323.2	109	1316.1	122	1317.1	104	1319.8	71	1312.7	2	1313.7	5	1314.6	1
1328.1	110	1328.1	110	1320.8	100	1322.1	110	1324.7	62	1317.5	2	1318.5	6	1319.5	4
1333	133	1333	133	1325.5	118	1327	84	1329.6	70	1322.4	3	1323.3	3	1324.3	3
1337.9	125	1337.9	125	1330.1	100	1332	93	1334.4	79	1327.2	5	1328.1	2	1329.1	2
1342.8	110	1342.8	110	1334.8	122	1337	102	1339.3	98	1332	3	1333	3	1334	2
1347.7	99	1347.7	99	1339.5	107	1341.9	74	1344.2	75	1336.8	1	1337.8	2	1338.8	5
1352.5	88	1352.5	88	1344.2	103	1346.9	75	1349.1	62	1341.7	1	1342.6	1	1343.6	3
1357.4	91	1357.4	91	1348.8	93	1351.8	81	1354	58	1346.5	1	1347.5	3	1348.5	4
1362.3	94	1362.3	94	1353.5	77	1356.8	83	1358.9	48	1351.3	6	1352.3	4	1353.3	4
1367.2	85	1367.2	85	1358.2	87	1361.7	71	1363.8	43	1356.1	5	1357.1	0	1358.1	4
1372.1	64	1372.1	64	1362.9	86	1366.7	70	1368.7	39	1361	6	1362	3	1363	3
1377	51	1377	51	1367.5	54	1371.6	52	1373.6	48	1365.8	3	1366.8	4	1367.8	7
1381.9	50	1381.9	50	1372.2	49	1376.6	56	1378.5	29	1370.6	3	1371.6	5	1372.6	5
1386.8	53	1386.8	53	1376.9	38	1381.5	45	1383.4	31	1375.4	2	1376.4	3	1377.5	1
1391.7	40	1391.7	40	1381.6	35	1386.5	32	1388.3	31	1380.3	3	1381.3	1	1382.3	3
1396.6	31	1396.6	31	1386.2	28	1391.4	27	1393.2	32	1385.1	6	1386.1	7	1387.1	4
1401.5	25	1401.5	25	1390.9	33	1396.4	34	1398	24	1389.9	4	1390.9	1	1392	4
1406.4	27	1406.4	27	1395.6	24	1401.3	27	1402.9	21	1394.7	5	1395.8	3	1396.8	4
1411.3	19	1411.3	19	1400.3	22	1406.3	17	1407.8	9	1399.6	3	1400.6	2	1401.6	4
1416.1	17	1416.1	17	1405	15	1411.3	15	1412.7	11	1404.4	6	1405.4	4	1406.5	5
1421	8	1421	8	1409.6	12	1416.2	11	1417.6	11	1409.2	5	1410.3	1	1411.3	9
1425.9	12	1425.9	12	1414.3	12	1421.2	10	1422.5	10	1414.1	4	1415.1	4	1416.1	6
1430.8	8	1430.8	8	1419	12	1426.1	14	1427.4	13	1418.9	5	1419.9	2	1420.9	12
1435.7	7	1435.7	7	1423.7	9	1431.1	7	1432.3	7	1423.7	2	1424.7	5	1425.8	6
1440.6	12	1440.6	12	1428.3	8	1436	12	1437.2	4	1428.5	7	1429.6	8	1430.6	6
1445.5	4	1445.5	4	1433	9	1441	14	1442.1	10	1433.4	8	1434.4	7	1435.4	9
1450.4	5	1450.4	5	1437.7	6	1445.9	6	1447	10	1438.2	13	1439.2	1	1440.3	1
1455.3	10	1455.3	10	1442.4	6	1450.9	7	1451.9	14	1443	9	1444.1	5	1445.1	4
1460.2	7	1460.2	7	1447	2	1455.8	5	1456.8	3	1447.8	3	1448.9	6	1449.9	7
1465.1	4	1465.1	4	1451.7	1	1460.8	5	1461.6	9	1452.7	2	1453.7	9	1454.8	6
1470	8	1470	8	1456.4	14	1465.7	8	1466.5	8	1457.5	8	1458.5	4	1459.6	6
1474.9	7	1474.9	7	1461.1	9	1470.7	6	1471.4	8	1462.3	7	1463.4	6	1464.4	1
1479.7	5	1479.7	5	1465.7	15	1475.6	7	1476.3	2	1467.1	7	1468.2	12	1469.3	6
1484.6	5	1484.6	5	1470.4	8	1480.6	10	1481.2	5	1472	4	1473	2	1474.1	1
1489.5	7	1489.5	7	1475.1	4	1485.6	9	1486.1	6	1476.8	6	1477.9	3	1478.9	6
1494.4	5	1494.4	5	1479.8	5	1490.5	4	1491	6	1481.6	8	1482.7	6	1483.8	4
1499.3	7	1499.3	7	1484.5	4	1495.5	2	1495.9	3	1486.4	3	1487.5	2	1488.6	1
1504.2	5	1504.2	5	1489.1	3	1500.4	5	1500.8	3	1491.3	4	1492.4	1	1493.4	4
1509.1	9	1509.1	9	1493.8	5	1505.4	5	1505.7	7	1496.1	3	1497.2	2	1498.3	2
1514	0	1514	0	1498.5	2	1510.3	1	1510.6	4	1500.9	3	1502	2	1503.1	3
1518.9	4	1518.9	4	1503.2	3	1515.3	2	1515.5	2	1505.7	1	1506.8	5	1507.9	2
1523.8	4	1523.8	4	1507.8	2	1520.2	2	1520.4	4	1510.6	3	1511.7	4	1512.8	0
1528.7	4	1528.7	4	1512.5	3	1525.2	2	1525.2	2	1515.4	0	1516.5	3	1517.6	1
1533.6	1	1533.6	1	1517.2	6	1530.1	1	1530.1	6	1520.2	1	1521.3	3	1522.4	2
1538.5	2	1538.5	2	1521.9	2	1535.1	3	1535	1	1525.1	3	1526.2	0	1527.3	3
1543.3	1	1543.3	1	1526.5	5	1540	2	1539.9	2	1529.9	1	1531	1	1532.1	3
1548.2	3	1548.2	3	1531.2	3	1545	5	1544.8	0	1534.7	2	1535.8	1	1536.9	2
1553.1	0	1553.1	0	1535.9	5	1549.9	0	1549.7	3	1539.5	0	1540.7	1	1541.8	1
1558	1	1558	1	1540.6	2	1554.9	3	1554.6	4	1544.4	1	1545.5	0	1546.6	1
1562.9	4	1562.9	4	1545.2	0	1559.9	3	1559.5	4	1549.2	1	1550.3	1	1551.4	0
1567.8	1	1567.8	1	1549.9	6	1564.8	5	1564.4	2	1554	1	1555.1	3	1556.3	0
1572.7	1	1572.7	1	1554.6	3	1569.8	3	1569.3	1	1558.8	2	1560	1	1561.1	2
1577.6	3	1577.6	3	1559.3	4	1574.7	2	1574.2	2	1563.7	3	1564.8	1	1565.9	0
1582.5	1	1582.5	1	1564	1	1579.7	3	1579.1	2	1568.5	2	1569.6	3	1570.8	2
1587.4	2	1587.4	2	1568.6	5	1584.6	0	1584	1	1573.3	0	1574.5	2	1575.6	0
1592.3	2	1592.3	2	1573.3	1	1589.6	3	1588.8	0	1578.1	2	1579.3	1	1580.4	2
1597.2	1	1597.2	1	1578	3	1594.5	2	1593.7	3	1583	1	1584.1	1	1585.3	0
1602.1	3	1602.1	3	1582.7	3	1599.5	1	1598.6	0	1587.8	0	1588.9	3	1590.1	1
1606.9	1	1606.9	1	1587.3	1	1604.4	1	1603.5	2	1592.6	2	1593.8	0	1594.9	2
1611.8	1	1611.8	1	1592	2	1609.4	2	1608.4	1	1597.4	3	1598.6	2	1599.8	1
1616.7	0	1616.7	0	1596.7	1	1614.3	1	1613.3	1	1602.3	2	1603.4	0	1604.6	0
1621.6	1	1621.6	1	1601.4	2	1619.3	3	1618.2	2	1607.1	0	1608.3	0	1609.4	0
1626.5	2	1626.5	2	1606	0	1624.2	0	1623.1	2	1611.9	2	1613.1	3	1614.3	2
1631.4	0	1631.4	0	1610.7	2	1629.2	1	1628	1	1616.7	1	1617.9	1	1619.1	1
1636.3	2	1636.3	2	1615.4	0	1634.1	1	1632.9	2	1621.6	0	1622.8	1	1623.9	2
1641.2	3	1641.2	3	1620.1	3	1639.1	1	1637.8	0	1626.4	2	1627.6	0	1628.8	0
1646.1	2	1646.1	2	1624.7	1	1644.1	5	1642.7	0	1631.2	1	1632.4	1	1633.6	0
1651	3	1651	3	1629.4	3	1649	2	1647.6	2	1636.1	2	1637.2	1	1638.4	1
1655.9	1	1655.9	1	1634.1	1	1654	0	1652.4	0	1640.9	1	1642.1	1	1643.3	1
1660.8	3	1660.8	3	1638.8	1	1658.9	2	1657.3	1	1645.7	3	1646.9	2	1648.1	2
1665.7	2	1665.7	2	1643.5	2	1663.9	0	1662.2	3	1650.5	0	1651.7	2	1652.9	2
1670.5	1	1670.5	1	1648.1	5	1668.8	4	1667.1	0	1655.4	2	1656.6	1	1657.8	0
1675.4	1	1675.4	1	1652.8	1	1673.8	0	1672	1	1660.2	1	1661.4	0	1662.6	1
1680.3	3	1680.3	3	1657.5	3	1678.7	1	1676.9	3	1665	1	1666.2	0	1667.4	1
1685.2	2	1685.2	2	1662.2	1	1683.7	0	1681.8	1	1669.8	0	1671.1	1	1672.3	1
1690.1	1	1690.1	1	1666.8	0	1688.6	1	1686.7	0	1674.7	1	1675.9	0	1677.1	0
1695	1	1695	1	1671.5	0	1693.6	3	1691.6	0	1679.5	1	1680.7	2	1681.9	2
1699.9	3	1699.9	3	1676.2	0	1698.5	1	1696.5	1	1684.3	0	1685.5	1	1686.8	0
1704.8	1	1704.8	1	1680.9	0	1703.5	2	1701.4	0	1689.1	0	1690.4	1	1691.6	2
1709.7	3	1709.7	3	1685.5	4	1708.4	1	1706.3	1	1694	0	1695.2	2	1696.4	0
1714.6	2	1714.6	2	1690.2	1	1713.4	3	1711.2	0	1698.8	0	1700	0	1701.3	2
1719.5	1	1719.5	1	1694.9	0	1718.4	1	1716	1	1703.6	0	1704.9	1	1706.1	2
1724.4	2	1724.4	2	1699.6	2	1723.3	1	1720.9	1	1708.4	2	1709.7	1	1710.9	1
1729.3	0	1729.3	0	1704.2	1	1728.3	1	1725.8	3	1713.3	1	1714.5	0	1715.8	2
1734.1	1	1734.1	1	1708.9	2	1733.2	1	1730.7	0	1718.1	1	1719.4	0	1720.6	2
1739	1	1739	1	1713.6	3	1738.2	2	1735.6	0	1722.9	0	1724.2	1	1725.4	1
1743.9	0	1743.9	0	1718.3	1	1743.1	2	1740.5	3	1727.7	0	1729	3	1730.3	0
1748.8	0	1748.8	0	1723	3	1748.1	1	1745.4	1	1732.6	1	1733.8	0	1735.1	0
1753.7	2	1753.7	2	1727.6	0	1753	2	1750.3	1	1737.4	2	1738.7	0	1739.9	1
1758.6	0	1758.6	0	1732.3	0	1758	1	1755.2	1	1742.2	1	1743.5	1	1744.8	0
1763.5	3	1763.5	3	1737	2	1762.9	0	1760.1	1	1747.1	0	1748.3	2	1749.6	1
1768.4	2	1768.4	2	1741.7	3	1767.9	0	1765	2	1751.9	1	1753.2	0	1754.4	0
1773.3	3	1773.3	3	1746.3	1	1772.8	3	1769.9	1	1756.7	0	1758	1	1759.3	0
1778.2	3	1778.2	3	1751	1	1777.8	0	1774.8	1	1761.5	1	1762.8	0	1764.1	2
1783.1	1	1783.1	1	1755.7	4	1782.7	2	1779.6	1	1766.4	0	1767.6	2	1768.9	1
1788	1	1788	1	1760.4	2	1787.7	0	1784.5	0	1771.2	0	1772.5	0	1773.8	0
1792.9	5	1792.9	5	1765	2	1792.7	0	1789.4	0	1776	0	1777.3	3	1778.6	0
1797.7	2	1797.7	2	1769.7	0	1797.6	0	1794.3	1	1780.8	3	1782.1	1	1783.4	1
1802.6	1	1802.6	1	1774.4	0	1802.6	1	1799.2	3	1785.7	0	1787	0	1788.3	0
1807.5	0	1807.5	0	1779.1	1	1807.5	2	1804.1	2	1790.5	1	1791.8	1	1793.1	0
1812.4	3	1812.4	3	1783.7	1	1812.5	3	1809	2	1795.3	0	1796.6	4	1797.9	0
1817.3	0	1817.3	0	1788.4	1	1817.4	0	1813.9	0	1800.1	0	1801.5	1	1802.8	0
1822.2	2	1822.2	2	1793.1	0	1822.4	0	1818.8	2	1805	1	1806.3	0	1807.6	1
1827.1	1	1827.1	1	1797.8	2	1827.3	0	1823.7	1	1809.8	0	1811.1	0	1812.4	2
1832	3	1832	3	1802.5	0	1832.3	0	1828.6	0	1814.6	0	1815.9	1	1817.3	1
1836.9	2	1836.9	2	1807.1	1	1837.2	0	1833.5	0	1819.4	0	1820.8	2	1822.1	1
1841.8	0	1841.8	0	1811.8	3	1842.2	2	1838.4	3	1824.3	1	1825.6	1	1826.9	3
1846.7	3	1846.7	3	1816.5	1	1847.1	2	1843.2	1	1829.1	1	1830.4	1	1831.8	0
1851.6	0	1851.6	0	1821.2	2	1852.1	1	1848.1	4	1833.9	0	1835.3	0	1836.6	0
1856.5	2	1856.5	2	1825.8	0	1857	0	1853	0	1838.7	1	1840.1	0	1841.4	0
1861.3	2	1861.3	2	1830.5	0	1862	1	1857.9	0	1843.6	1	1844.9	0	1846.3	1
1866.2	0	1866.2	0	1835.2	2	1867	2	1862.8	0	1848.4	0	1849.8	0	1851.1	0
1871.1	1	1871.1	1	1839.9	0	1871.9	1	1867.7	0	1853.2	1	1854.6	0	1855.9	1
1876	1	1876	1	1844.5	0	1876.9	0	1872.6	0	1858.1	0	1859.4	0	1860.8	0
1880.9	2	1880.9	2	1849.2	0	1881.8	2	1877.5	0	1862.9	1	1864.2	1	1865.6	1
1885.8	2	1885.8	2	1853.9	3	1886.8	3	1882.4	0	1867.7	0	1869.1	2	1870.4	0
1890.7	1	1890.7	1	1858.6	1	1891.7	1	1887.3	1	1872.5	1	1873.9	1	1875.3	1
1895.6	1	1895.6	1	1863.2	2	1896.7	1	1892.2	0	1877.4	1	1878.7	1	1880.1	1
1900.5	2	1900.5	2	1867.9	1	1901.6	0	1897.1	1	1882.2	2	1883.6	1	1884.9	1
1905.4	0	1905.4	0	1872.6	0	1906.6	2	1902	2	1887	1	1888.4	0	1889.8	2
1910.3	1	1910.3	1	1877.3	3	1911.5	0	1906.8	1	1891.8	0	1893.2	1	1894.6	0
1915.2	0	1915.2	0	1882	0	1916.5	1	1911.7	0	1896.7	0	1898	0	1899.4	1
1920.1	0	1920.1	0	1886.6	0	1921.4	0	1916.6	1	1901.5	0	1902.9	0	1904.3	1
1924.9	2	1924.9	2	1891.3	2	1926.4	0	1921.5	0	1906.3	0	1907.7	0	1909.1	0
1929.8	0	1929.8	0	1896	0	1931.3	0	1926.4	0	1911.1	0	1912.5	0	1913.9	1
1934.7	2	1934.7	2	1900.7	1	1936.3	0	1931.3	3	1916	0	1917.4	1	1918.8	1
1939.6	0	1939.6	0	1905.3	0	1941.3	2	1936.2	0	1920.8	0	1922.2	3	1923.6	1
1944.5	2	1944.5	2	1910	2	1946.2	1	1941.1	0	1925.6	1	1927	0	1928.4	0
1949.4	0	1949.4	0	1914.7	0	1951.2	3	1946	0	1930.4	0	1931.9	0	1933.3	0
1954.3	0	1954.3	0	1919.4	1	1956.1	0	1950.9	1	1935.3	1	1936.7	1	1938.1	0
1959.2	0	1959.2	0	1924	3	1961.1	1	1955.8	0	1940.1	0	1941.5	0	1942.9	0
1964.1	1	1964.1	1	1928.7	1	1966	0	1960.7	0	1944.9	3	1946.3	1	1947.8	0
1969	1	1969	1	1933.4	3	1971	1	1965.6	1	1949.7	1	1951.2	0	1952.6	0
1973.9	0	1973.9	0	1938.1	0	1975.9	1	1970.4	0	1954.6	0	1956	0	1957.4	0
1978.8	0	1978.8	0	1942.7	1	1980.9	1	1975.3	0	1959.4	0	1960.8	0	1962.3	0
1983.7	1	1983.7	1	1947.4	0	1985.8	0	1980.2	0	1964.2	1	1965.7	1	1967.1	1
1988.5	1	1988.5	1	1952.1	1	1990.8	0	1985.1	0	1969.1	0	1970.5	0	1971.9	0
1993.4	1	1993.4	1	1956.8	1	1995.7	1	1990	0	1973.9	1	1975.3	0	1976.8	3
1998.3	1	1998.3	1	1961.5	0	2000.7	1	1994.9	0	1978.7	1	1980.2	0	1981.6	0
2003.2	1	2003.2	1	1966.1	3	2005.6	0	1999.8	1	1983.5	0	1985	1	1986.4	0
2008.1	0	2008.1	0	1970.8	1	2010.6	0	2004.7	0	1988.4	0	1989.8	0	1991.3	0
2013	0	2013	0	1975.5	0	2015.6	1	2009.6	0	1993.2	0	1994.6	1	1996.1	1
2017.9	0	2017.9	0	1980.2	1	2020.5	0	2014.5	2	1998	0	1999.5	0	2000.9	0
2022.8	0	2022.8	0	1984.8	0	2025.5	0	2019.4	0	2002.8	0	2004.3	1	2005.8	1
2027.7	1	2027.7	1	1989.5	2	2030.4	2	2024.3	0	2007.7	1	2009.1	0	2010.6	1
2032.6	2	2032.6	2	1994.2	0	2035.4	1	2029.2	0	2012.5	1	2014	0	2015.4	1
2037.5	0	2037.5	0	1998.9	1	2040.3	2	2034	2	2017.3	0	2018.8	2	2020.3	0
2042.4	2	2042.4	2	2003.5	0	2045.3	2	2038.9	0	2022.1	1	2023.6	1	2025.1	1
2047.3	0	2047.3	0	2008.2	0	2050.2	2	2043.8	2	2027	0	2028.4	2	2029.9	2
2052.1	2	2052.1	2	2012.9	1	2055.2	1	2048.7	1	2031.8	0	2033.3	3	2034.8	3
2057	1	2057	1	2017.6	1	2060.1	0	2053.6	0	2036.6	0	2038.1	0	2039.6	0
2061.9	1	2061.9	1	2022.2	0	2065.1	2	2058.5	1	2041.4	0	2042.9	1	2044.4	0
2066.8	2	2066.8	2	2026.9	2	2070	2	2063.4	1	2046.3	0	2047.8	0	2049.3	0
2071.7	0	2071.7	0	2031.6	1	2075	0	2068.3	0	2051.1	0	2052.6	0	2054.1	1
2076.6	1	2076.6	1	2036.3	1	2079.9	2	2073.2	0	2055.9	0	2057.4	1	2058.9	0
2081.5	0	2081.5	0	2041	2	2084.9	1	2078.1	3	2060.7	0	2062.3	1	2063.8	1
2086.4	0	2086.4	0	2045.6	1	2089.9	3	2083	0	2065.6	1	2067.1	0	2068.6	2
2091.3	2	2091.3	2	2050.3	1	2094.8	0	2087.9	1	2070.4	0	2071.9	3	2073.4	0
2096.2	2	2096.2	2	2055	0	2099.8	1	2092.8	1	2075.2	0	2076.7	1	2078.3	0
2101.1	3	2101.1	3	2059.7	1	2104.7	0	2097.6	2	2080.1	1	2081.6	0	2083.1	2
2106	0	2106	0	2064.3	1	2109.7	0	2102.5	0	2084.9	0	2086.4	1	2087.9	0
2110.9	0	2110.9	0	2069	1	2114.6	0	2107.4	2	2089.7	0	2091.2	0	2092.8	0
2115.7	1	2115.7	1	2073.7	0	2119.6	1	2112.3	0	2094.5	0	2096.1	1	2097.6	0
2120.6	0	2120.6	0	2078.4	0	2124.5	1	2117.2	1	2099.4	0	2100.9	3	2102.4	0
2125.5	0	2125.5	0	2083	0	2129.5	0	2122.1	0	2104.2	0	2105.7	1	2107.3	0
2130.4	1	2130.4	1	2087.7	1	2134.4	1	2127	2	2109	0	2110.6	1	2112.1	1
2135.3	2	2135.3	2	2092.4	0	2139.4	1	2131.9	2	2113.8	0	2115.4	3	2116.9	1
2140.2	0	2140.2	0	2097.1	1	2144.3	1	2136.8	1	2118.7	0	2120.2	0	2121.8	0
2145.1	1	2145.1	1	2101.7	0	2149.3	0	2141.7	0	2123.5	3	2125	0	2126.6	1
2150	2	2150	2	2106.4	1	2154.2	0	2146.6	0	2128.3	0	2129.9	4	2131.4	0
2154.9	0	2154.9	0	2111.1	0	2159.2	2	2151.5	1	2133.1	0	2134.7	1	2136.3	0
2159.8	0	2159.8	0	2115.8	1	2164.1	1	2156.4	0	2138	1	2139.5	1	2141.1	2
2164.7	1	2164.7	1	2120.5	1	2169.1	1	2161.2	1	2142.8	0	2144.4	0	2145.9	1
2169.6	2	2169.6	2	2125.1	0	2174.1	2	2166.1	2	2147.6	1	2149.2	0	2150.8	1
2174.5	2	2174.5	2	2129.8	1	2179	2	2171	1	2152.4	1	2154	1	2155.6	0
2179.3	0	2179.3	0	2134.5	0	2184	1	2175.9	2	2157.3	0	2158.8	1	2160.4	1
2184.2	0	2184.2	0	2139.2	0	2188.9	2	2180.8	1	2162.1	0	2163.7	0	2165.3	0
2189.1	1	2189.1	1	2143.8	0	2193.9	0	2185.7	2	2166.9	0	2168.5	0	2170.1	1
2194	0	2194	0	2148.5	0	2198.8	1	2190.6	1	2171.8	0	2173.3	1	2174.9	0
2198.9	0	2198.9	0	2153.2	2	2203.8	0	2195.5	2	2176.6	2	2178.2	2	2179.8	0
2203.8	1	2203.8	1	2157.9	2	2208.7	0	2200.4	0	2181.4	0	2183	0	2184.6	0
2208.7	0	2208.7	0	2162.5	2	2213.7	0	2205.3	0	2186.2	0	2187.8	0	2189.4	1
2213.6	0	2213.6	0	2167.2	0	2218.6	1	2210.2	0	2191.1	1	2192.7	0	2194.3	1
2218.5	1	2218.5	1	2171.9	3	2223.6	1	2215.1	1	2195.9	0	2197.5	0	2199.1	0
2223.4	2	2223.4	2	2176.6	0	2228.5	0	2220	1	2200.7	0	2202.3	0	2203.9	1
2228.3	1	2228.3	1	2181.2	1	2233.5	3	2224.8	3	2205.5	2	2207.1	1	2208.8	0
2233.2	0	2233.2	0	2185.9	0	2238.4	1	2229.7	0	2210.4	1	2212	0	2213.6	1
2238.1	0	2238.1	0	2190.6	1	2243.4	0	2234.6	1	2215.2	1	2216.8	0	2218.4	0
2242.9	0	2242.9	0	2195.3	2	2248.4	1	2239.5	1	2220	1	2221.6	2	2223.3	1
2247.8	2	2247.8	2	2200	1	2253.3	0	2244.4	0	2224.8	1	2226.5	1	2228.1	2
2252.7	1	2252.7	1	2204.6	3	2258.3	0	2249.3	0	2229.7	0	2231.3	0	2232.9	0
2257.6	0	2257.6	0	2209.3	0	2263.2	1	2254.2	0	2234.5	0	2236.1	0	2237.8	3
2262.5	2	2262.5	2	2214	0	2268.2	0	2259.1	1	2239.3	0	2241	0	2242.6	0
2267.4	0	2267.4	0	2218.7	0	2273.1	1	2264	0	2244.1	0	2245.8	0	2247.4	1
2272.3	0	2272.3	0	2223.3	1	2278.1	1	2268.9	1	2249	1	2250.6	2	2252.3	0
2277.2	0	2277.2	0	2228	3	2283	3	2273.8	0	2253.8	0	2255.4	1	2257.1	1
2282.1	2	2282.1	2	2232.7	0	2288	0	2278.7	0	2258.6	0	2260.3	1	2261.9	0
2287	1	2287	1	2237.4	0	2292.9	0	2283.6	1	2263.4	1	2265.1	0	2266.8	0
2291.9	0	2291.9	0	2242	0	2297.9	2	2288.4	1	2268.3	1	2269.9	0	2271.6	1
2296.8	1	2296.8	1	2246.7	2	2302.8	1	2293.3	2	2273.1	0	2274.8	0	2276.4	0
2301.7	0	2301.7	0	2251.4	0	2307.8	1	2298.2	1	2277.9	2	2279.6	2	2281.3	0
2306.5	1	2306.5	1	2256.1	2	2312.7	0	2303.1	0	2282.8	1	2284.4	0	2286.1	0
2311.4	1	2311.4	1	2260.7	1	2317.7	0	2308	0	2287.6	0	2289.2	0	2290.9	0
2316.3	0	2316.3	0	2265.4	0	2322.7	0	2312.9	0	2292.4	0	2294.1	0	2295.8	0
2321.2	0	2321.2	0	2270.1	0	2327.6	0	2317.8	1	2297.2	1	2298.9	0	2300.6	0
2326.1	1	2326.1	1	2274.8	1	2332.6	0	2322.7	0	2302.1	0	2303.7	1	2305.4	1
2331	0	2331	0	2279.5	2	2337.5	0	2327.6	0	2306.9	1	2308.6	0	2310.3	1
2335.9	0	2335.9	0	2284.1	2	2342.5	1	2332.5	1	2311.7	0	2313.4	0	2315.1	0
2340.8	3	2340.8	3	2288.8	1	2347.4	1	2337.4	0	2316.5	0	2318.2	0	2319.9	1
2345.7	0	2345.7	0	2293.5	0	2352.4	0	2342.3	0	2321.4	1	2323.1	0	2324.8	0
2350.6	1	2350.6	1	2298.2	1	2357.3	0	2347.2	0	2326.2	1	2327.9	0	2329.6	0
2355.5	0	2355.5	0	2302.8	0	2362.3	2	2352	0	2331	0	2332.7	1	2334.4	0
2360.4	1	2360.4	1	2307.5	3	2367.2	0	2356.9	0	2335.8	0	2337.5	1	2339.3	0
2365.3	1	2365.3	1	2312.2	1	2372.2	0	2361.8	0	2340.7	1	2342.4	1	2344.1	0
2370.1	1	2370.1	1	2316.9	0	2377.1	0	2366.7	0	2345.5	1	2347.2	0	2348.9	0
2375	1	2375	1	2321.5	0	2382.1	0	2371.6	0	2350.3	1	2352	0	2353.8	0
2379.9	0	2379.9	0	2326.2	0	2387	0	2376.5	0	2355.1	2	2356.9	0	2358.6	0
2384.8	0	2384.8	0	2330.9	0	2392	0	2381.4	1	2360	0	2361.7	0	2363.4	0
2389.7	0	2389.7	0	2335.6	0	2397	0	2386.3	0	2364.8	0	2366.5	0	2368.2	0
2394.6	0	2394.6	0	2340.2	0	2401.9	1	2391.2	1	2369.6	2	2371.4	0	2373.1	1
2399.5	1	2399.5	1	2344.9	0	2406.9	0	2396.1	0	2374.4	0	2376.2	0	2377.9	0
2404.4	0	2404.4	0	2349.6	0	2411.8	0	2401	0	2379.3	0	2381	1	2382.7	0
2409.3	2	2409.3	2	2354.3	0	2416.8	0	2405.9	0	2384.1	0	2385.8	0	2387.6	0
2414.2	1	2414.2	1	2359	0	2421.7	0	2410.8	1	2388.9	0	2390.7	0	2392.4	0
2419.1	0	2419.1	0	2363.6	0	2426.7	0	2415.6	0	2393.8	0	2395.5	1	2397.2	1
2424	1	2424	1	2368.3	0	2431.6	1	2420.5	1	2398.6	0	2400.3	0	2402.1	0
2428.9	4	2428.9	4	2373	1	2436.6	0	2425.4	0	2403.4	0	2405.2	1	2406.9	0
2433.7	0	2433.7	0	2377.7	0	2441.5	1	2430.3	0	2408.2	1	2410	0	2411.7	0
2438.6	2	2438.6	2	2382.3	0	2446.5	0	2435.2	0	2413.1	0	2414.8	0	2416.6	0
2443.5	0	2443.5	0	2387	0	2451.4	0	2440.1	0	2417.9	0	2419.6	0	2421.4	0
2448.4	0	2448.4	0	2391.7	0	2456.4	1	2445	0	2422.7	0	2424.5	0	2426.2	2
2453.3	0	2453.3	0	2396.4	0	2461.3	0	2449.9	0	2427.5	1	2429.3	1	2431.1	0
2458.2	0	2458.2	0	2401	0	2466.3	0	2454.8	0	2432.4	0	2434.1	1	2435.9	0
2463.1	0	2463.1	0	2405.7	0	2471.3	0	2459.7	1	2437.2	0	2439	1	2440.7	0
2468	0	2468	0	2410.4	1	2476.2	0	2464.6	0	2442	0	2443.8	2	2445.6	0
2472.9	0	2472.9	0	2415.1	0	2481.2	1	2469.5	0	2446.8	1	2448.6	0	2450.4	0
2477.8	0	2477.8	0	2419.7	0	2486.1	0	2474.4	0	2451.7	0	2453.5	0	2455.2	0
2482.7	0	2482.7	0	2424.4	3	2491.1	0	2479.2	1	2456.5	0	2458.3	1	2460.1	0
2487.6	0	2487.6	0	2429.1	0	2496	0	2484.1	0	2461.3	1	2463.1	1	2464.9	1
2492.5	12	2492.5	12	2433.8	10	2501	8	2489	12	2466.1	9	2467.9	7	2469.7	10