0	0	-31.3	0	-17.8	0	23.1	0	14.6	0	0	0	0	0	0	1	0	0
4.8	0	-26.3	0	-12.8	0	27.9	1	19.4	0	4.8	0	4.8	0	4.8	0	4.8	0
9.7	0	-21.3	0	-7.9	0	32.7	0	24.2	0	9.7	6	9.7	1	9.7	2	9.7	2
14.5	158	-16.2	58	-2.9	29	37.5	40	29.1	41	14.5	436	14.5	388	14.5	384	14.5	361
19.3	526	-11.2	104	2	87	42.3	95	33.9	101	19.3	1147	19.3	1178	19.3	1159	19.3	1156
24.2	528	-6.2	126	7	101	47.1	99	38.7	107	24.1	1337	24.1	1355	24.1	1315	24.1	1296
29	620	-1.2	145	12	139	51.9	136	43.6	139	29	1759	29	1620	29	1561	29	1474
33.9	720	3.8	144	16.9	137	56.6	157	48.4	130	33.8	2983	33.8	2540	33.8	2028	33.8	1625
38.7	702	8.8	149	21.9	163	61.4	142	53.2	148	38.6	5552	38.6	4619	38.6	3151	38.6	1979
43.5	730	13.9	148	26.8	162	66.2	157	58.1	168	43.5	5597	43.4	4700	43.4	3277	43.5	2122
48.4	723	18.9	183	31.8	150	71	162	62.9	163	48.3	3563	48.3	3327	48.3	2560	48.3	2025
53.2	847	23.9	201	36.7	173	75.8	211	67.7	215	53.1	2485	53.1	2331	53.1	2136	53.1	1905
58	867	28.9	207	41.7	195	80.6	217	72.6	208	58	2186	57.9	2100	57.9	2012	58	1900
62.9	834	33.9	263	46.6	238	85.4	238	77.4	258	62.8	2129	62.7	2022	62.7	2099	62.8	1985
67.7	921	38.9	304	51.6	285	90.2	255	82.2	274	67.6	2128	67.6	2118	67.6	2134	67.6	2029
72.6	978	43.9	353	56.5	335	95	298	87.1	341	72.4	2179	72.4	2196	72.4	2312	72.4	2144
77.4	1035	49	408	61.5	353	99.8	348	91.9	392	77.3	2468	77.2	2436	77.2	2476	77.3	2375
82.2	1165	54	472	66.4	439	104.5	431	96.7	436	82.1	2634	82	2667	82	2642	82.1	2645
87.1	1392	59	518	71.4	462	109.3	494	101.6	452	86.9	3317	86.9	3243	86.9	3177	86.9	3129
91.9	1636	64	566	76.3	532	114.1	535	106.4	544	91.8	3895	91.7	3721	91.7	3910	91.8	3595
96.7	1721	69	541	81.3	572	118.9	533	111.2	554	96.6	4020	96.5	4066	96.5	4023	96.6	3872
101.6	1640	74	597	86.3	543	123.7	555	116.1	558	101.4	3722	101.3	3590	101.3	3579	101.4	3414
106.4	1485	79.1	560	91.2	555	128.5	561	120.9	561	106.3	3334	106.2	3338	106.2	3247	106.3	3192
111.2	1328	84.1	527	96.2	534	133.3	547	125.7	552	111.1	2961	111	2966	111	2975	111.1	2969
116.1	1269	89.1	522	101.1	529	138.1	556	130.6	572	115.9	2713	115.8	2733	115.8	2743	115.9	2834
120.9	1202	94.1	521	106.1	517	142.9	544	135.4	531	120.7	2578	120.7	2574	120.7	2621	120.7	2724
125.8	1170	99.1	574	111	541	147.6	494	140.2	550	125.6	2511	125.5	2600	125.5	2637	125.6	2801
130.6	1222	104.1	513	116	517	152.4	542	145.1	514	130.4	2609	130.3	2618	130.3	2697	130.4	2887
135.4	1256	109.2	521	120.9	514	157.2	512	149.9	536	135.2	2629	135.1	2683	135.1	2728	135.2	2844
140.3	1277	114.2	543	125.9	482	162	459	154.7	527	140.1	2746	140	2770	140	2825	140.1	2967
145.1	1240	119.2	502	130.8	516	166.8	533	159.6	503	144.9	2682	144.8	2791	144.8	2775	144.9	3019
149.9	1181	124.2	490	135.8	493	171.6	470	164.4	547	149.7	2827	149.6	2758	149.6	2935	149.7	3018
154.8	1271	129.2	497	140.7	448	176.4	494	169.2	496	154.5	2991	154.4	2976	154.4	2936	154.5	3128
159.6	1265	134.2	477	145.7	445	181.2	467	174.1	486	159.4	2739	159.3	2856	159.3	2981	159.4	3137
164.4	1259	139.2	407	150.6	438	186	468	178.9	460	164.2	2867	164.1	2803	164.1	2917	164.2	3136
169.3	1276	144.3	453	155.6	394	190.7	458	183.7	433	169	2867	168.9	2901	168.9	2869	169	3098
174.1	1323	149.3	419	160.6	437	195.5	397	188.6	407	173.9	2902	173.7	2950	173.7	2985	173.9	3013
179	1198	154.3	419	165.5	401	200.3	385	193.4	399	178.7	2969	178.6	2909	178.6	3041	178.7	3024
183.8	1240	159.3	424	170.5	387	205.1	397	198.2	401	183.5	3058	183.4	3021	183.4	3050	183.5	3211
188.6	1325	164.3	419	175.4	399	209.9	387	203.1	369	188.4	3261	188.2	3198	188.2	3250	188.4	3207
193.5	1388	169.3	366	180.4	369	214.7	413	207.9	399	193.2	3354	193	3358	193	3387	193.2	3544
198.3	1363	174.4	357	185.3	371	219.5	371	212.7	387	198	3506	197.9	3572	197.9	3715	198	3578
203.1	1317	179.4	353	190.3	378	224.3	359	217.6	369	202.8	3610	202.7	3664	202.7	3672	202.8	3637
208	1345	184.4	356	195.2	361	229.1	347	222.4	391	207.7	3769	207.5	3847	207.5	3785	207.7	3707
212.8	1286	189.4	335	200.2	343	233.8	346	227.2	335	212.5	3732	212.3	3745	212.3	3756	212.5	3682
217.7	1227	194.4	302	205.1	319	238.6	312	232	319	217.3	3755	217.2	3656	217.2	3647	217.3	3481
222.5	1231	199.4	304	210.1	329	243.4	345	236.9	314	222.2	3625	222	3609	222	3648	222.2	3487
227.3	1251	204.5	325	215	316	248.2	309	241.7	353	227	3521	226.8	3421	226.8	3524	227	3441
232.2	1249	209.5	296	220	334	253	327	246.5	292	231.8	3651	231.7	3540	231.7	3517	231.8	3430
237	1168	214.5	315	224.9	312	257.8	311	251.4	303	236.7	3402	236.5	3378	236.5	3253	236.7	3253
241.8	1116	219.5	280	229.9	285	262.6	281	256.2	289	241.5	3255	241.3	3153	241.3	3101	241.5	3027
246.7	1138	224.5	278	234.9	283	267.4	271	261	258	246.3	3187	246.1	3166	246.1	3176	246.3	3037
251.5	1148	229.5	262	239.8	268	272.2	272	265.9	263	251.1	3012	251	3092	251	3001	251.1	2906
256.3	1048	234.5	268	244.8	273	276.9	279	270.7	248	256	2943	255.8	3001	255.8	2942	256	2931
261.2	1037	239.6	226	249.7	240	281.7	246	275.5	256	260.8	2942	260.6	2956	260.6	2805	260.8	2795
266	1124	244.6	229	254.7	220	286.5	254	280.4	232	265.6	2866	265.4	2814	265.4	2803	265.6	2714
270.9	1050	249.6	244	259.6	216	291.3	202	285.2	244	270.5	2824	270.3	2859	270.3	2867	270.5	2862
275.7	1047	254.6	205	264.6	206	296.1	222	290	235	275.3	2727	275.1	2717	275.1	2714	275.3	2623
280.5	1071	259.6	207	269.5	197	300.9	202	294.9	197	280.1	2671	279.9	2659	279.9	2617	280.1	2600
285.4	956	264.6	207	274.5	201	305.7	175	299.7	170	284.9	2614	284.7	2668	284.7	2595	284.9	2436
290.2	976	269.7	194	279.4	203	310.5	190	304.5	190	289.8	2568	289.6	2629	289.6	2617	289.8	2481
295	991	274.7	191	284.4	189	315.3	200	309.4	149	294.6	2542	294.4	2580	294.4	2520	294.6	2391
299.9	1029	279.7	196	289.3	166	320.1	181	314.2	180	299.4	2506	299.2	2490	299.2	2519	299.4	2436
304.7	1003	284.7	202	294.3	166	324.8	160	319	181	304.3	2377	304	2400	304	2500	304.3	2391
309.5	1035	289.7	161	299.2	157	329.6	174	323.9	126	309.1	2535	308.9	2429	308.9	2406	309.1	2424
314.4	950	294.7	157	304.2	151	334.4	180	328.7	155	313.9	2379	313.7	2328	313.7	2349	313.9	2380
319.2	961	299.8	162	309.1	161	339.2	168	333.5	165	318.8	2345	318.5	2289	318.5	2325	318.8	2370
324.1	961	304.8	141	314.1	156	344	149	338.4	154	323.6	2429	323.3	2306	323.3	2339	323.6	2346
328.9	944	309.8	181	319.1	142	348.8	131	343.2	135	328.4	2307	328.2	2392	328.2	2336	328.4	2368
333.7	887	314.8	167	324	153	353.6	162	348	168	333.2	2352	333	2412	333	2324	333.2	2269
338.6	922	319.8	158	329	138	358.4	133	352.9	142	338.1	2319	337.8	2294	337.8	2389	338.1	2206
343.4	936	324.8	132	333.9	160	363.2	147	357.7	138	342.9	2341	342.7	2431	342.7	2301	342.9	2236
348.2	1017	329.8	144	338.9	139	367.9	117	362.5	122	347.7	2325	347.5	2306	347.5	2376	347.7	2332
353.1	967	334.9	163	343.8	138	372.7	139	367.4	139	352.6	2358	352.3	2341	352.3	2339	352.6	2248
357.9	940	339.9	133	348.8	138	377.5	134	372.2	138	357.4	2321	357.1	2243	357.1	2395	357.4	2314
362.8	921	344.9	115	353.7	106	382.3	144	377	129	362.2	2338	362	2262	362	2301	362.2	2251
367.6	941	349.9	107	358.7	142	387.1	154	381.9	121	367.1	2341	366.8	2294	366.8	2406	367.1	2229
372.4	952	354.9	134	363.6	147	391.9	120	386.7	118	371.9	2271	371.6	2281	371.6	2273	371.9	2240
377.3	975	359.9	124	368.6	120	396.7	116	391.5	119	376.7	2201	376.4	2218	376.4	2305	376.7	2208
382.1	916	365	130	373.5	109	401.5	121	396.4	115	381.5	2272	381.3	2209	381.3	2345	381.5	2235
386.9	998	370	90	378.5	105	406.3	123	401.2	117	386.4	2335	386.1	2362	386.1	2291	386.4	2273
391.8	965	375	136	383.4	114	411	109	406	110	391.2	2337	390.9	2314	390.9	2390	391.2	2197
396.6	948	380	106	388.4	111	415.8	102	410.9	122	396	2177	395.7	2257	395.7	2292	396	2144
401.4	951	385	109	393.4	117	420.6	94	415.7	116	400.9	2247	400.6	2267	400.6	2201	400.9	2182
406.3	921	390	131	398.3	92	425.4	107	420.5	103	405.7	2244	405.4	2285	405.4	2245	405.7	2195
411.1	934	395.1	110	403.3	109	430.2	103	425.4	108	410.5	2261	410.2	2221	410.2	2239	410.5	2083
416	904	400.1	109	408.2	111	435	93	430.2	106	415.3	2302	415	2286	415	2317	415.3	2173
420.8	978	405.1	104	413.2	95	439.8	90	435	98	420.2	2224	419.9	2229	419.9	2165	420.2	2238
425.6	1012	410.1	101	418.1	96	444.6	96	439.9	84	425	2272	424.7	2327	424.7	2312	425	2191
430.5	990	415.1	103	423.1	87	449.4	91	444.7	102	429.8	2196	429.5	2293	429.5	2224	429.8	2145
435.3	968	420.1	100	428	90	454.1	90	449.5	94	434.7	2186	434.4	2208	434.4	2265	434.7	2142
440.1	949	425.1	91	433	90	458.9	92	454.4	89	439.5	2264	439.2	2131	439.2	2164	439.5	2101
445	964	430.2	82	437.9	92	463.7	95	459.2	91	444.3	2146	444	2108	444	2099	444.3	2031
449.8	950	435.2	95	442.9	91	468.5	83	464	97	449.2	2055	448.8	2070	448.8	2072	449.2	2058
454.6	904	440.2	89	447.8	90	473.3	83	468.9	93	454	2014	453.7	1991	453.7	1971	454	1876
459.5	887	445.2	107	452.8	88	478.1	92	473.7	83	458.8	1881	458.5	1891	458.5	1904	458.8	1873
464.3	846	450.2	98	457.7	78	482.9	90	478.5	77	463.6	1896	463.3	1767	463.3	1806	463.6	1730
469.2	800	455.2	75	462.7	69	487.7	92	483.4	112	468.5	1733	468.1	1777	468.1	1706	468.5	1689
474	701	460.3	79	467.7	84	492.5	79	488.2	88	473.3	1527	473	1472	473	1529	473.3	1548
478.8	651	465.3	112	472.6	97	497.3	85	493	82	478.1	1336	477.8	1361	477.8	1431	478.1	1339
483.7	572	470.3	89	477.6	77	502	87	497.9	74	483	1191	482.6	1193	482.6	1309	483	1210
488.5	605	475.3	85	482.5	67	506.8	80	502.7	83	487.8	1171	487.4	1152	487.4	1128	487.8	1164
493.3	598	480.3	91	487.5	101	511.6	88	507.5	68	492.6	954	492.3	1070	492.3	1028	492.6	1053
498.2	484	485.3	90	492.4	97	516.4	83	512.4	80	497.5	928	497.1	891	497.1	977	497.5	1005
503	552	490.4	84	497.4	89	521.2	81	517.2	87	502.3	862	501.9	879	501.9	904	502.3	945
507.9	480	495.4	73	502.3	81	526	81	522	80	507.1	773	506.7	805	506.7	833	507.1	837
512.7	480	500.4	83	507.3	68	530.8	87	526.9	82	511.9	685	511.6	754	511.6	728	511.9	837
517.5	466	505.4	73	512.2	72	535.6	66	531.7	82	516.8	653	516.4	679	516.4	759	516.8	741
522.4	460	510.4	66	517.2	87	540.4	82	536.5	60	521.6	615	521.2	660	521.2	699	521.6	727
527.2	461	515.4	80	522.1	74	545.1	79	541.3	64	526.4	617	526	593	526	681	526.4	716
532	418	520.4	76	527.1	81	549.9	76	546.2	89	531.3	558	530.9	521	530.9	636	531.3	655
536.9	398	525.5	71	532	69	554.7	67	551	75	536.1	530	535.7	542	535.7	596	536.1	655
541.7	434	530.5	70	537	77	559.5	74	555.8	71	540.9	548	540.5	511	540.5	602	540.9	625
546.5	422	535.5	68	542	75	564.3	89	560.7	71	545.7	478	545.4	478	545.4	551	545.7	606
551.4	422	540.5	73	546.9	77	569.1	67	565.5	74	550.6	499	550.2	452	550.2	482	550.6	582
556.2	361	545.5	81	551.9	61	573.9	78	570.3	65	555.4	412	555	441	555	517	555.4	554
561.1	413	550.5	68	556.8	79	578.7	84	575.2	69	560.2	412	559.8	445	559.8	504	560.2	513
565.9	346	555.6	68	561.8	67	583.5	63	580	78	565.1	422	564.7	403	564.7	521	565.1	535
570.7	420	560.6	75	566.7	60	588.2	77	584.8	70	569.9	355	569.5	417	569.5	487	569.9	530
575.6	408	565.6	81	571.7	76	593	82	589.7	72	574.7	379	574.3	411	574.3	469	574.7	548
580.4	372	570.6	78	576.6	68	597.8	63	594.5	86	579.6	358	579.1	410	579.1	511	579.6	517
585.2	390	575.6	81	581.6	80	602.6	70	599.3	74	584.4	375	584	399	584	467	584.4	543
590.1	413	580.6	63	586.5	65	607.4	72	604.2	72	589.2	421	588.8	482	588.8	478	589.2	570
594.9	429	585.7	71	591.5	71	612.2	89	609	64	594	455	593.6	494	593.6	500	594	554
599.8	433	590.7	65	596.4	75	617	82	613.8	67	598.9	548	598.4	533	598.4	538	598.9	678
604.6	496	595.7	88	601.4	72	621.8	68	618.7	64	603.7	665	603.3	694	603.3	725	603.7	828
609.4	575	600.7	91	606.3	67	626.6	70	623.5	86	608.5	872	608.1	826	608.1	970	608.5	938
614.3	678	605.7	72	611.3	77	631.3	68	628.3	61	613.4	1181	612.9	1168	612.9	1141	613.4	1196
619.1	762	610.7	85	616.3	85	636.1	78	633.2	63	618.2	1634	617.7	1517	617.7	1567	618.2	1512
623.9	961	615.7	83	621.2	83	640.9	82	638	69	623	2163	622.6	2119	622.6	2066	623	1986
628.8	1247	620.8	83	626.2	78	645.7	78	642.8	72	627.9	2736	627.4	2850	627.4	2686	627.9	2585
633.6	1523	625.8	76	631.1	82	650.5	81	647.7	78	632.7	3719	632.2	3615	632.2	3489	632.7	3315
638.4	1834	630.8	79	636.1	90	655.3	95	652.5	86	637.5	4572	637	4535	637	4452	637.5	3962
643.3	2236	635.8	77	641	93	660.1	81	657.3	83	642.3	5612	641.9	5408	641.9	5415	642.3	4926
648.1	2561	640.8	96	646	69	664.9	91	662.2	93	647.2	6573	646.7	6478	646.7	6140	647.2	5783
653	2834	645.8	109	650.9	102	669.7	105	667	90	652	7522	651.5	7280	651.5	7165	652	6532
657.8	3127	650.9	105	655.9	99	674.4	107	671.8	95	656.8	8099	656.4	8147	656.4	7688	656.8	7121
662.6	3178	655.9	109	660.8	98	679.2	108	676.7	100	661.7	8399	661.2	8403	661.2	7876	661.7	7284
667.5	3049	660.9	95	665.8	92	684	107	681.5	88	666.5	8178	666	8168	666	7871	666.5	7016
672.3	2904	665.9	105	670.7	72	688.8	86	686.3	94	671.3	8047	670.8	7742	670.8	7470	671.3	6809
677.1	2680	670.9	101	675.7	81	693.6	77	691.2	86	676.1	7208	675.7	7085	675.7	6740	676.1	6109
682	2284	675.9	86	680.6	83	698.4	80	696	63	681	6362	680.5	6126	680.5	5703	681	5316
686.8	1843	681	67	685.6	73	703.2	74	700.8	85	685.8	5199	685.3	5045	685.3	4911	685.8	4371
691.6	1618	686	73	690.6	55	708	63	705.7	64	690.6	4144	690.1	4108	690.1	3973	690.6	3527
696.5	1231	691	64	695.5	63	712.8	66	710.5	69	695.5	3234	695	3246	695	3109	695.5	2747
701.3	870	696	71	700.5	59	717.6	56	715.3	68	700.3	2386	699.8	2338	699.8	2286	700.3	2001
706.2	599	701	67	705.4	60	722.3	57	720.2	61	705.1	1616	704.6	1552	704.6	1626	705.1	1343
711	403	706	54	710.4	61	727.1	54	725	58	710	1111	709.4	1129	709.4	1001	710	943
715.8	241	711	67	715.3	51	731.9	59	729.8	64	714.8	769	714.3	668	714.3	669	714.8	581
720.7	192	716.1	42	720.3	47	736.7	45	734.7	51	719.6	487	719.1	422	719.1	442	719.6	364
725.5	102	721.1	50	725.2	65	741.5	56	739.5	57	724.4	276	723.9	290	723.9	267	724.4	287
730.3	71	726.1	56	730.2	47	746.3	36	744.3	52	729.3	199	728.7	160	728.7	168	729.3	148
735.2	48	731.1	46	735.1	56	751.1	53	749.2	52	734.1	113	733.6	111	733.6	99	734.1	105
740	26	736.1	49	740.1	47	755.9	47	754	42	738.9	51	738.4	64	738.4	53	738.9	44
744.9	24	741.1	56	745	45	760.7	50	758.8	46	743.8	41	743.2	37	743.2	25	743.8	32
749.7	16	746.2	38	750	53	765.4	43	763.7	36	748.6	29	748	31	748	19	748.6	20
754.5	8	751.2	54	754.9	52	770.2	49	768.5	55	753.4	20	752.9	24	752.9	20	753.4	18
759.4	10	756.2	37	759.9	44	775	54	773.3	36	758.3	11	757.7	14	757.7	10	758.3	13
764.2	13	761.2	59	764.9	63	779.8	54	778.2	44	763.1	17	762.5	8	762.5	10	763.1	14
769	8	766.2	44	769.8	57	784.6	49	783	59	767.9	11	767.4	20	767.4	7	767.9	5
773.9	13	771.2	55	774.8	50	789.4	59	787.8	47	772.7	8	772.2	8	772.2	8	772.7	12
778.7	15	776.3	67	779.7	62	794.2	55	792.7	51	777.6	9	777	12	777	10	777.6	9
783.5	7	781.3	54	784.7	58	799	47	797.5	54	782.4	15	781.8	10	781.8	12	782.4	11
788.4	15	786.3	52	789.6	44	803.8	55	802.3	41	787.2	10	786.7	9	786.7	8	787.2	10
793.2	10	791.3	61	794.6	51	808.5	54	807.2	54	792.1	11	791.5	9	791.5	6	792.1	10
798.1	9	796.3	59	799.5	36	813.3	43	812	57	796.9	9	796.3	8	796.3	11	796.9	3
802.9	6	801.3	55	804.5	36	818.1	48	816.8	44	801.7	9	801.1	8	801.1	10	801.7	13
807.7	11	806.3	44	809.4	51	822.9	55	821.7	58	806.5	6	806	7	806	12	806.5	11
812.6	12	811.4	48	814.4	54	827.7	52	826.5	57	811.4	10	810.8	12	810.8	10	811.4	10
817.4	15	816.4	51	819.3	57	832.5	52	831.3	41	816.2	11	815.6	11	815.6	9	816.2	13
822.2	8	821.4	57	824.3	43	837.3	51	836.2	52	821	9	820.4	14	820.4	6	821	15
827.1	5	826.4	60	829.2	55	842.1	62	841	47	825.9	9	825.3	15	825.3	5	825.9	13
831.9	12	831.4	53	834.2	40	846.9	55	845.8	62	830.7	11	830.1	7	830.1	11	830.7	10
836.7	8	836.4	47	839.1	42	851.6	58	850.7	49	835.5	18	834.9	15	834.9	8	835.5	12
841.6	9	841.5	53	844.1	49	856.4	44	855.5	49	840.4	17	839.7	12	839.7	12	840.4	7
846.4	5	846.5	58	849.1	45	861.2	40	860.3	57	845.2	8	844.6	14	844.6	11	845.2	12
851.3	7	851.5	56	854	54	866	56	865.1	44	850	11	849.4	10	849.4	9	850	7
856.1	8	856.5	38	859	49	870.8	45	870	53	854.8	11	854.2	6	854.2	4	854.8	12
860.9	2	861.5	54	863.9	50	875.6	43	874.8	48	859.7	8	859	14	859	10	859.7	8
865.8	12	866.5	48	868.9	43	880.4	60	879.6	46	864.5	9	863.9	12	863.9	1	864.5	8
870.6	11	871.6	49	873.8	56	885.2	60	884.5	41	869.3	12	868.7	10	868.7	10	869.3	11
875.4	11	876.6	52	878.8	61	890	58	889.3	45	874.2	13	873.5	7	873.5	10	874.2	9
880.3	4	881.6	56	883.7	39	894.8	47	894.1	56	879	7	878.4	12	878.4	10	879	7
885.1	9	886.6	54	888.7	61	899.5	45	899	64	883.8	8	883.2	9	883.2	7	883.8	10
890	15	891.6	61	893.6	50	904.3	39	903.8	54	888.7	8	888	13	888	16	888.7	7
894.8	8	896.6	59	898.6	56	909.1	52	908.6	47	893.5	8	892.8	11	892.8	10	893.5	10
899.6	5	901.6	62	903.5	55	913.9	50	913.5	48	898.3	11	897.7	8	897.7	9	898.3	10
904.5	11	906.7	47	908.5	57	918.7	48	918.3	39	903.1	9	902.5	15	902.5	11	903.1	12
909.3	6	911.7	40	913.4	42	923.5	54	923.1	49	908	7	907.3	11	907.3	14	908	6
914.1	9	916.7	59	918.4	58	928.3	52	928	49	912.8	8	912.1	8	912.1	11	912.8	6
919	13	921.7	46	923.4	50	933.1	51	932.8	42	917.6	8	917	9	917	11	917.6	12
923.8	13	926.7	49	928.3	38	937.9	61	937.6	50	922.5	12	921.8	12	921.8	5	922.5	11
928.6	11	931.7	50	933.3	43	942.6	62	942.5	48	927.3	11	926.6	7	926.6	4	927.3	6
933.5	9	936.8	48	938.2	54	947.4	39	947.3	42	932.1	20	931.4	6	931.4	13	932.1	9
938.3	9	941.8	48	943.2	40	952.2	45	952.1	32	936.9	6	936.3	11	936.3	12	936.9	4
943.2	9	946.8	48	948.1	39	957	40	957	46	941.8	11	941.1	3	941.1	9	941.8	9
948	5	951.8	28	953.1	44	961.8	62	961.8	44	946.6	10	945.9	3	945.9	6	946.6	5
952.8	6	956.8	52	958	49	966.6	57	966.6	45	951.4	7	950.7	9	950.7	7	951.4	10
957.7	6	961.8	33	963	35	971.4	35	971.5	41	956.3	8	955.6	6	955.6	5	956.3	10
962.5	9	966.9	45	967.9	43	976.2	31	976.3	42	961.1	7	960.4	7	960.4	5	961.1	6
967.3	7	971.9	47	972.9	31	981	44	981.1	39	965.9	11	965.2	11	965.2	6	965.9	6
972.2	8	976.9	43	977.8	40	985.7	36	986	33	970.8	6	970	10	970	5	970.8	9
977	5	981.9	33	982.8	32	990.5	39	990.8	28	975.6	8	974.9	9	974.9	9	975.6	9
981.8	13	986.9	33	987.7	42	995.3	39	995.6	33	980.4	4	979.7	10	979.7	11	980.4	4
986.7	9	991.9	32	992.7	45	1000.1	32	1000.5	43	985.2	5	984.5	14	984.5	5	985.2	8
991.5	6	996.9	47	997.7	27	1004.9	33	1005.3	26	990.1	5	989.4	2	989.4	10	990.1	6
996.4	6	1002	31	1002.6	26	1009.7	45	1010.1	39	994.9	7	994.2	8	994.2	8	994.9	8
1001.2	7	1007	34	1007.6	34	1014.5	28	1015	14	999.7	5	999	7	999	5	999.7	4
1006	9	1012	33	1012.5	29	1019.3	31	1019.8	26	1004.6	4	1003.8	8	1003.8	11	1004.6	5
1010.9	6	1017	35	1017.5	32	1024.1	34	1024.6	41	1009.4	5	1008.7	5	1008.7	6	1009.4	3
1015.7	11	1022	34	1022.4	42	1028.8	34	1029.5	38	1014.2	7	1013.5	12	1013.5	10	1014.2	7
1020.5	8	1027	29	1027.4	32	1033.6	32	1034.3	31	1019.1	5	1018.3	5	1018.3	9	1019.1	3
1025.4	8	1032.1	30	1032.3	23	1038.4	38	1039.1	24	1023.9	5	1023.1	5	1023.1	9	1023.9	8
1030.2	7	1037.1	36	1037.3	29	1043.2	33	1044	20	1028.7	10	1028	6	1028	10	1028.7	3
1035.1	3	1042.1	34	1042.2	35	1048	25	1048.8	26	1033.5	2	1032.8	8	1032.8	3	1033.5	5
1039.9	4	1047.1	39	1047.2	47	1052.8	29	1053.6	30	1038.4	3	1037.6	14	1037.6	8	1038.4	1
1044.7	8	1052.1	25	1052.1	39	1057.6	25	1058.5	27	1043.2	5	1042.4	7	1042.4	4	1043.2	9
1049.6	9	1057.1	28	1057.1	34	1062.4	31	1063.3	24	1048	8	1047.3	4	1047.3	7	1048	5
1054.4	3	1062.2	30	1062	28	1067.2	31	1068.1	19	1052.9	7	1052.1	10	1052.1	11	1052.9	6
1059.2	9	1067.2	31	1067	17	1071.9	37	1073	27	1057.7	3	1056.9	10	1056.9	6	1057.7	8
1064.1	8	1072.2	33	1072	28	1076.7	17	1077.8	28	1062.5	9	1061.7	4	1061.7	5	1062.5	7
1068.9	4	1077.2	32	1076.9	30	1081.5	30	1082.6	27	1067.3	5	1066.6	6	1066.6	6	1067.3	5
1073.7	8	1082.2	30	1081.9	32	1086.3	35	1087.5	36	1072.2	2	1071.4	9	1071.4	8	1072.2	2
1078.6	4	1087.2	36	1086.8	28	1091.1	39	1092.3	32	1077	11	1076.2	6	1076.2	6	1077	7
1083.4	10	1092.2	30	1091.8	39	1095.9	38	1097.1	22	1081.8	10	1081	7	1081	8	1081.8	7
1088.3	7	1097.3	31	1096.7	39	1100.7	25	1102	29	1086.7	2	1085.9	7	1085.9	12	1086.7	5
1093.1	2	1102.3	27	1101.7	24	1105.5	28	1106.8	24	1091.5	6	1090.7	8	1090.7	7	1091.5	5
1097.9	8	1107.3	26	1106.6	24	1110.3	39	1111.6	25	1096.3	4	1095.5	9	1095.5	5	1096.3	4
1102.8	2	1112.3	18	1111.6	35	1115.1	28	1116.5	40	1101.2	8	1100.4	6	1100.4	3	1101.2	2
1107.6	2	1117.3	39	1116.5	46	1119.8	31	1121.3	41	1106	3	1105.2	1	1105.2	5	1106	5
1112.4	8	1122.3	38	1121.5	36	1124.6	39	1126.1	33	1110.8	6	1110	6	1110	5	1110.8	6
1117.3	7	1127.4	42	1126.4	38	1129.4	41	1131	42	1115.6	6	1114.8	11	1114.8	9	1115.6	12
1122.1	3	1132.4	58	1131.4	54	1134.2	49	1135.8	53	1120.5	3	1119.7	8	1119.7	2	1120.5	1
1127	2	1137.4	49	1136.3	56	1139	48	1140.6	70	1125.3	4	1124.5	4	1124.5	7	1125.3	5
1131.8	5	1142.4	50	1141.3	53	1143.8	48	1145.5	41	1130.1	5	1129.3	6	1129.3	4	1130.1	6
1136.6	5	1147.4	58	1146.3	51	1148.6	61	1150.3	62	1135	7	1134.1	5	1134.1	9	1135	4
1141.5	4	1152.4	65	1151.2	74	1153.4	60	1155.1	65	1139.8	7	1139	6	1139	8	1139.8	5
1146.3	7	1157.5	74	1156.2	68	1158.2	62	1160	63	1144.6	6	1143.8	6	1143.8	5	1144.6	4
1151.1	9	1162.5	79	1161.1	72	1162.9	73	1164.8	56	1149.5	5	1148.6	7	1148.6	6	1149.5	6
1156	6	1167.5	70	1166.1	69	1167.7	76	1169.6	67	1154.3	8	1153.4	4	1153.4	4	1154.3	3
1160.8	6	1172.5	76	1171	81	1172.5	75	1174.4	76	1159.1	5	1158.3	4	1158.3	4	1159.1	7
1165.6	5	1177.5	76	1176	87	1177.3	91	1179.3	58	1163.9	5	1163.1	6	1163.1	4	1163.9	8
1170.5	5	1182.5	69	1180.9	73	1182.1	73	1184.1	69	1168.8	5	1167.9	11	1167.9	5	1168.8	7
1175.3	5	1187.5	59	1185.9	60	1186.9	69	1188.9	60	1173.6	13	1172.7	6	1172.7	3	1173.6	4
1180.2	3	1192.6	51	1190.8	65	1191.7	68	1193.8	68	1178.4	5	1177.6	2	1177.6	5	1178.4	3
1185	4	1197.6	63	1195.8	72	1196.5	59	1198.6	49	1183.3	9	1182.4	4	1182.4	11	1183.3	5
1189.8	3	1202.6	58	1200.7	68	1201.3	48	1203.4	35	1188.1	3	1187.2	6	1187.2	3	1188.1	1
1194.7	5	1207.6	45	1205.7	52	1206	46	1208.3	36	1192.9	4	1192	7	1192	5	1192.9	6
1199.5	3	1212.6	51	1210.6	33	1210.8	50	1213.1	42	1197.7	2	1196.9	5	1196.9	3	1197.7	4
1204.3	4	1217.6	31	1215.6	44	1215.6	34	1217.9	44	1202.6	2	1201.7	6	1201.7	3	1202.6	5
1209.2	3	1222.7	28	1220.6	32	1220.4	38	1222.8	24	1207.4	4	1206.5	8	1206.5	6	1207.4	3
1214	6	1227.7	25	1225.5	34	1225.2	28	1227.6	24	1212.2	5	1211.4	4	1211.4	9	1212.2	5
1218.8	2	1232.7	15	1230.5	27	1230	20	1232.4	16	1217.1	2	1216.2	1	1216.2	5	1217.1	4
1223.7	4	1237.7	22	1235.4	20	1234.8	20	1237.3	20	1221.9	5	1221	3	1221	4	1221.9	3
1228.5	4	1242.7	22	1240.4	13	1239.6	21	1242.1	16	1226.7	10	1225.8	0	1225.8	4	1226.7	6
1233.4	3	1247.7	13	1245.3	13	1244.4	22	1246.9	12	1231.6	1	1230.7	5	1230.7	6	1231.6	2
1238.2	3	1252.8	27	1250.3	10	1249.1	13	1251.8	15	1236.4	3	1235.5	5	1235.5	5	1236.4	1
1243	3	1257.8	15	1255.2	14	1253.9	12	1256.6	10	1241.2	6	1240.3	9	1240.3	3	1241.2	6
1247.9	3	1262.8	14	1260.2	21	1258.7	11	1261.4	12	1246	7	1245.1	4	1245.1	7	1246	4
1252.7	4	1267.8	17	1265.1	13	1263.5	27	1266.3	19	1250.9	3	1250	3	1250	3	1250.9	7
1257.5	6	1272.8	18	1270.1	20	1268.3	18	1271.1	19	1255.7	2	1254.8	3	1254.8	5	1255.7	3
1262.4	5	1277.8	23	1275	11	1273.1	24	1275.9	21	1260.5	3	1259.6	4	1259.6	3	1260.5	1
1267.2	2	1282.8	20	1280	22	1277.9	23	1280.8	20	1265.4	3	1264.4	1	1264.4	3	1265.4	6
1272.1	0	1287.9	25	1284.9	29	1282.7	26	1285.6	23	1270.2	5	1269.3	5	1269.3	3	1270.2	2
1276.9	1	1292.9	40	1289.9	31	1287.5	33	1290.4	25	1275	6	1274.1	0	1274.1	3	1275	4
1281.7	5	1297.9	42	1294.9	34	1292.3	40	1295.3	29	1279.9	2	1278.9	8	1278.9	2	1279.9	4
1286.6	1	1302.9	43	1299.8	32	1297	41	1300.1	38	1284.7	4	1283.7	10	1283.7	2	1284.7	3
1291.4	5	1307.9	33	1304.8	51	1301.8	33	1304.9	34	1289.5	3	1288.6	1	1288.6	7	1289.5	3
1296.2	2	1312.9	41	1309.7	37	1306.6	48	1309.8	49	1294.3	3	1293.4	3	1293.4	3	1294.3	3
1301.1	2	1318	46	1314.7	58	1311.4	32	1314.6	51	1299.2	4	1298.2	1	1298.2	3	1299.2	5
1305.9	4	1323	52	1319.6	58	1316.2	59	1319.4	51	1304	4	1303.1	5	1303.1	5	1304	2
1310.7	4	1328	53	1324.6	57	1321	50	1324.3	45	1308.8	5	1307.9	3	1307.9	3	1308.8	1
1315.6	2	1333	51	1329.5	55	1325.8	72	1329.1	39	1313.7	7	1312.7	0	1312.7	6	1313.7	3
1320.4	3	1338	58	1334.5	69	1330.6	64	1333.9	54	1318.5	1	1317.5	4	1317.5	4	1318.5	5
1325.3	3	1343	47	1339.4	56	1335.4	61	1338.8	34	1323.3	6	1322.4	4	1322.4	5	1323.3	1
1330.1	4	1348.1	49	1344.4	61	1340.1	54	1343.6	62	1328.1	2	1327.2	4	1327.2	5	1328.1	6
1334.9	3	1353.1	48	1349.3	45	1344.9	54	1348.4	45	1333	3	1332	5	1332	8	1333	6
1339.8	3	1358.1	43	1354.3	38	1349.7	47	1353.3	42	1337.8	5	1336.8	6	1336.8	4	1337.8	2
1344.6	4	1363.1	53	1359.2	36	1354.5	46	1358.1	41	1342.6	3	1341.7	2	1341.7	2	1342.6	0
1349.4	4	1368.1	34	1364.2	43	1359.3	39	1362.9	34	1347.5	0	1346.5	4	1346.5	3	1347.5	4
1354.3	3	1373.1	31	1369.1	29	1364.1	27	1367.8	36	1352.3	4	1351.3	3	1351.3	4	1352.3	1
1359.1	4	1378.1	29	1374.1	35	1368.9	38	1372.6	29	1357.1	3	1356.1	6	1356.1	2	1357.1	4
1363.9	1	1383.2	22	1379.1	18	1373.7	30	1377.4	24	1362	2	1361	5	1361	3	1362	4
1368.8	2	1388.2	13	1384	30	1378.5	21	1382.3	17	1366.8	3	1365.8	3	1365.8	6	1366.8	7
1373.6	4	1393.2	11	1389	23	1383.2	20	1387.1	22	1371.6	0	1370.6	10	1370.6	1	1371.6	2
1378.5	5	1398.2	14	1393.9	16	1388	18	1391.9	17	1376.4	2	1375.4	3	1375.4	1	1376.4	3
1383.3	2	1403.2	10	1398.9	9	1392.8	16	1396.8	12	1381.3	4	1380.3	4	1380.3	3	1381.3	5
1388.1	1	1408.2	6	1403.8	13	1397.6	11	1401.6	15	1386.1	5	1385.1	2	1385.1	3	1386.1	2
1393	1	1413.3	9	1408.8	17	1402.4	11	1406.4	9	1390.9	2	1389.9	6	1389.9	6	1390.9	5
1397.8	7	1418.3	8	1413.7	11	1407.2	17	1411.3	7	1395.8	5	1394.7	1	1394.7	6	1395.8	11
1402.6	8	1423.3	15	1418.7	6	1412	8	1416.1	8	1400.6	6	1399.6	5	1399.6	2	1400.6	5
1407.5	5	1428.3	8	1423.6	10	1416.8	13	1420.9	5	1405.4	3	1404.4	4	1404.4	3	1405.4	5
1412.3	2	1433.3	5	1428.6	12	1421.6	9	1425.8	6	1410.3	5	1409.2	1	1409.2	1	1410.3	5
1417.2	7	1438.3	8	1433.5	11	1426.3	4	1430.6	13	1415.1	5	1414.1	2	1414.1	9	1415.1	4
1422	8	1443.4	6	1438.5	9	1431.1	10	1435.4	3	1419.9	6	1418.9	3	1418.9	6	1419.9	4
1426.8	4	1448.4	3	1443.4	6	1435.9	7	1440.3	10	1424.7	6	1423.7	8	1423.7	6	1424.7	8
1431.7	3	1453.4	7	1448.4	9	1440.7	7	1445.1	7	1429.6	4	1428.5	13	1428.5	3	1429.6	6
1436.5	9	1458.4	11	1453.4	9	1445.5	6	1449.9	11	1434.4	5	1433.4	3	1433.4	1	1434.4	7
1441.3	4	1463.4	6	1458.3	5	1450.3	7	1454.8	15	1439.2	4	1438.2	5	1438.2	5	1439.2	6
1446.2	9	1468.4	8	1463.3	8	1455.1	6	1459.6	7	1444.1	6	1443	5	1443	4	1444.1	3
1451	5	1473.4	9	1468.2	8	1459.9	5	1464.4	3	1448.9	7	1447.8	4	1447.8	5	1448.9	6
1455.8	5	1478.5	5	1473.2	7	1464.7	8	1469.3	9	1453.7	8	1452.7	3	1452.7	6	1453.7	3
1460.7	8	1483.5	7	1478.1	4	1469.4	9	1474.1	3	1458.5	3	1457.5	4	1457.5	0	1458.5	1
1465.5	2	1488.5	3	1483.1	6	1474.2	5	1478.9	1	1463.4	4	1462.3	7	1462.3	5	1463.4	7
1470.4	3	1493.5	4	1488	4	1479	8	1483.8	4	1468.2	0	1467.1	3	1467.1	7	1468.2	6
1475.2	4	1498.5	7	1493	6	1483.8	4	1488.6	5	1473	5	1472	2	1472	2	1473	3
1480	6	1503.5	2	1497.9	7	1488.6	9	1493.4	3	1477.9	4	1476.8	5	1476.8	7	1477.9	2
1484.9	0	1508.6	3	1502.9	3	1493.4	5	1498.2	9	1482.7	0	1481.6	5	1481.6	4	1482.7	3
1489.7	0	1513.6	1	1507.8	2	1498.2	2	1503.1	2	1487.5	2	1486.4	3	1486.4	1	1487.5	3
1494.5	4	1518.6	2	1512.8	4	1503	7	1507.9	2	1492.4	5	1491.3	3	1491.3	3	1492.4	2
1499.4	1	1523.6	5	1517.7	2	1507.8	6	1512.7	1	1497.2	4	1496.1	2	1496.1	0	1497.2	2
1504.2	2	1528.6	2	1522.7	1	1512.6	2	1517.6	2	1502	1	1500.9	2	1500.9	4	1502	4
1509	1	1533.6	4	1527.7	2	1517.3	4	1522.4	2	1506.8	5	1505.7	5	1505.7	3	1506.8	1
1513.9	6	1538.6	2	1532.6	0	1522.1	4	1527.2	2	1511.7	3	1510.6	3	1510.6	2	1511.7	0
1518.7	0	1543.7	0	1537.6	2	1526.9	1	1532.1	4	1516.5	2	1515.4	3	1515.4	3	1516.5	2
1523.6	2	1548.7	1	1542.5	1	1531.7	2	1536.9	2	1521.3	3	1520.2	1	1520.2	4	1521.3	1
1528.4	4	1553.7	1	1547.5	0	1536.5	0	1541.7	2	1526.2	1	1525.1	0	1525.1	1	1526.2	0
1533.2	4	1558.7	0	1552.4	3	1541.3	2	1546.6	3	1531	2	1529.9	1	1529.9	0	1531	1
1538.1	2	1563.7	2	1557.4	5	1546.1	2	1551.4	3	1535.8	3	1534.7	1	1534.7	1	1535.8	1
1542.9	1	1568.7	0	1562.3	2	1550.9	1	1556.2	0	1540.7	1	1539.5	2	1539.5	0	1540.7	0
1547.7	3	1573.8	4	1567.3	1	1555.7	0	1561.1	0	1545.5	1	1544.4	0	1544.4	0	1545.5	1
1552.6	1	1578.8	0	1572.2	0	1560.4	0	1565.9	1	1550.3	0	1549.2	0	1549.2	1	1550.3	0
1557.4	3	1583.8	2	1577.2	1	1565.2	3	1570.7	0	1555.1	1	1554	0	1554	1	1555.1	2
1562.3	0	1588.8	2	1582.1	2	1570	2	1575.6	0	1560	6	1558.8	2	1558.8	0	1560	2
1567.1	1	1593.8	3	1587.1	1	1574.8	3	1580.4	1	1564.8	2	1563.7	0	1563.7	2	1564.8	2
1571.9	0	1598.8	3	1592	1	1579.6	0	1585.2	1	1569.6	1	1568.5	1	1568.5	2	1569.6	0
1576.8	2	1603.9	2	1597	1	1584.4	0	1590.1	2	1574.5	2	1573.3	2	1573.3	0	1574.5	0
1581.6	1	1608.9	1	1602	1	1589.2	2	1594.9	2	1579.3	1	1578.1	1	1578.1	0	1579.3	0
1586.4	2	1613.9	2	1606.9	2	1594	3	1599.7	1	1584.1	0	1583	1	1583	0	1584.1	2
1591.3	2	1618.9	0	1611.9	1	1598.8	1	1604.6	2	1588.9	0	1587.8	1	1587.8	1	1588.9	0
1596.1	1	1623.9	1	1616.8	2	1603.5	2	1609.4	1	1593.8	3	1592.6	2	1592.6	1	1593.8	2
1600.9	1	1628.9	0	1621.8	0	1608.3	3	1614.2	0	1598.6	1	1597.4	1	1597.4	1	1598.6	0
1605.8	1	1633.9	2	1626.7	2	1613.1	2	1619.1	0	1603.4	0	1602.3	1	1602.3	0	1603.4	0
1610.6	0	1639	1	1631.7	0	1617.9	0	1623.9	1	1608.3	1	1607.1	0	1607.1	1	1608.3	0
1615.5	1	1644	0	1636.6	4	1622.7	0	1628.7	1	1613.1	1	1611.9	0	1611.9	0	1613.1	2
1620.3	0	1649	5	1641.6	2	1627.5	0	1633.6	1	1617.9	0	1616.7	2	1616.7	1	1617.9	3
1625.1	0	1654	1	1646.5	2	1632.3	1	1638.4	0	1622.8	1	1621.6	0	1621.6	0	1622.8	1
1630	0	1659	2	1651.5	2	1637.1	0	1643.2	0	1627.6	0	1626.4	2	1626.4	0	1627.6	2
1634.8	0	1664	0	1656.4	2	1641.9	1	1648.1	2	1632.4	2	1631.2	0	1631.2	0	1632.4	0
1639.6	0	1669.1	3	1661.4	4	1646.6	2	1652.9	2	1637.2	2	1636.1	0	1636.1	0	1637.2	0
1644.5	2	1674.1	1	1666.3	0	1651.4	1	1657.7	1	1642.1	2	1640.9	0	1640.9	0	1642.1	0
1649.3	0	1679.1	1	1671.3	2	1656.2	0	1662.6	1	1646.9	1	1645.7	2	1645.7	1	1646.9	0
1654.1	1	1684.1	0	1676.3	1	1661	0	1667.4	0	1651.7	0	1650.5	0	1650.5	0	1651.7	2
1659	0	1689.1	0	1681.2	0	1665.8	1	1672.2	0	1656.6	1	1655.4	1	1655.4	0	1656.6	2
1663.8	2	1694.1	2	1686.2	1	1670.6	1	1677.1	0	1661.4	1	1660.2	1	1660.2	0	1661.4	0
1668.7	1	1699.2	1	1691.1	1	1675.4	5	1681.9	0	1666.2	1	1665	2	1665	0	1666.2	0
1673.5	2	1704.2	1	1696.1	1	1680.2	2	1686.7	0	1671.1	0	1669.8	0	1669.8	1	1671.1	0
1678.3	2	1709.2	3	1701	1	1685	1	1691.6	3	1675.9	1	1674.7	1	1674.7	1	1675.9	2
1683.2	1	1714.2	1	1706	1	1689.7	1	1696.4	4	1680.7	0	1679.5	3	1679.5	0	1680.7	0
1688	0	1719.2	2	1710.9	1	1694.5	4	1701.2	1	1685.5	0	1684.3	3	1684.3	0	1685.5	0
1692.8	1	1724.2	1	1715.9	1	1699.3	0	1706.1	2	1690.4	1	1689.1	0	1689.1	1	1690.4	0
1697.7	3	1729.2	2	1720.8	0	1704.1	3	1710.9	1	1695.2	1	1694	0	1694	0	1695.2	0
1702.5	2	1734.3	0	1725.8	0	1708.9	2	1715.7	2	1700	2	1698.8	0	1698.8	0	1700	1
1707.4	0	1739.3	1	1730.7	2	1713.7	1	1720.6	0	1704.9	1	1703.6	0	1703.6	2	1704.9	1
1712.2	2	1744.3	1	1735.7	3	1718.5	1	1725.4	1	1709.7	1	1708.4	1	1708.4	3	1709.7	1
1717	1	1749.3	1	1740.6	2	1723.3	2	1730.2	2	1714.5	0	1713.3	3	1713.3	0	1714.5	1
1721.9	0	1754.3	3	1745.6	2	1728.1	0	1735.1	1	1719.4	1	1718.1	2	1718.1	1	1719.4	0
1726.7	3	1759.3	1	1750.6	1	1732.9	2	1739.9	1	1724.2	1	1722.9	1	1722.9	3	1724.2	1
1731.5	1	1764.4	1	1755.5	2	1737.6	0	1744.7	1	1729	0	1727.7	2	1727.7	0	1729	1
1736.4	1	1769.4	1	1760.5	2	1742.4	1	1749.6	1	1733.8	3	1732.6	2	1732.6	5	1733.8	2
1741.2	0	1774.4	1	1765.4	1	1747.2	0	1754.4	1	1738.7	1	1737.4	1	1737.4	1	1738.7	1
1746	0	1779.4	4	1770.4	2	1752	2	1759.2	3	1743.5	3	1742.2	4	1742.2	0	1743.5	1
1750.9	0	1784.4	0	1775.3	0	1756.8	1	1764.1	3	1748.3	0	1747.1	1	1747.1	2	1748.3	1
1755.7	1	1789.4	1	1780.3	2	1761.6	3	1768.9	2	1753.2	1	1751.9	3	1751.9	1	1753.2	0
1760.6	0	1794.5	1	1785.2	0	1766.4	2	1773.7	1	1758	0	1756.7	3	1756.7	2	1758	3
1765.4	2	1799.5	2	1790.2	1	1771.2	1	1778.6	5	1762.8	0	1761.5	0	1761.5	0	1762.8	0
1770.2	1	1804.5	2	1795.1	2	1776	2	1783.4	1	1767.6	0	1766.4	0	1766.4	1	1767.6	0
1775.1	2	1809.5	1	1800.1	1	1780.7	1	1788.2	2	1772.5	3	1771.2	0	1771.2	1	1772.5	2
1779.9	0	1814.5	1	1805	2	1785.5	1	1793.1	0	1777.3	0	1776	1	1776	2	1777.3	0
1784.7	3	1819.5	1	1810	0	1790.3	0	1797.9	0	1782.1	1	1780.8	1	1780.8	0	1782.1	2
1789.6	2	1824.5	0	1814.9	1	1795.1	3	1802.7	1	1787	0	1785.7	0	1785.7	0	1787	1
1794.4	1	1829.6	0	1819.9	1	1799.9	3	1807.6	1	1791.8	4	1790.5	0	1790.5	1	1791.8	0
1799.3	0	1834.6	1	1824.9	1	1804.7	1	1812.4	0	1796.6	2	1795.3	0	1795.3	2	1796.6	1
1804.1	0	1839.6	2	1829.8	2	1809.5	1	1817.2	2	1801.5	0	1800.1	4	1800.1	1	1801.5	2
1808.9	1	1844.6	1	1834.8	0	1814.3	0	1822	3	1806.3	1	1805	0	1805	1	1806.3	0
1813.8	1	1849.6	1	1839.7	2	1819.1	4	1826.9	3	1811.1	1	1809.8	1	1809.8	0	1811.1	0
1818.6	3	1854.6	0	1844.7	1	1823.8	2	1831.7	1	1815.9	0	1814.6	1	1814.6	0	1815.9	0
1823.4	1	1859.7	1	1849.6	0	1828.6	0	1836.5	3	1820.8	2	1819.4	0	1819.4	0	1820.8	1
1828.3	0	1864.7	2	1854.6	0	1833.4	1	1841.4	0	1825.6	0	1824.3	0	1824.3	1	1825.6	2
1833.1	0	1869.7	1	1859.5	0	1838.2	0	1846.2	2	1830.4	2	1829.1	0	1829.1	2	1830.4	1
1837.9	1	1874.7	2	1864.5	1	1843	3	1851	2	1835.3	1	1833.9	0	1833.9	0	1835.3	0
1842.8	2	1879.7	0	1869.4	0	1847.8	0	1855.9	2	1840.1	1	1838.7	0	1838.7	0	1840.1	0
1847.6	1	1884.7	0	1874.4	0	1852.6	0	1860.7	1	1844.9	1	1843.6	0	1843.6	0	1844.9	0
1852.5	2	1889.8	1	1879.3	0	1857.4	1	1865.5	2	1849.8	0	1848.4	2	1848.4	0	1849.8	1
1857.3	0	1894.8	0	1884.3	1	1862.2	0	1870.4	1	1854.6	0	1853.2	0	1853.2	0	1854.6	1
1862.1	1	1899.8	4	1889.2	0	1866.9	0	1875.2	0	1859.4	0	1858.1	1	1858.1	0	1859.4	1
1867	1	1904.8	0	1894.2	0	1871.7	0	1880	2	1864.2	0	1862.9	0	1862.9	1	1864.2	0
1871.8	1	1909.8	2	1899.1	1	1876.5	2	1884.9	3	1869.1	1	1867.7	0	1867.7	1	1869.1	1
1876.6	2	1914.8	1	1904.1	0	1881.3	1	1889.7	0	1873.9	1	1872.5	3	1872.5	0	1873.9	0
1881.5	1	1919.8	0	1909.1	0	1886.1	0	1894.5	1	1878.7	2	1877.4	0	1877.4	2	1878.7	0
1886.3	3	1924.9	1	1914	0	1890.9	0	1899.4	0	1883.6	1	1882.2	1	1882.2	0	1883.6	1
1891.1	0	1929.9	0	1919	2	1895.7	1	1904.2	1	1888.4	1	1887	0	1887	1	1888.4	1
1896	0	1934.9	1	1923.9	1	1900.5	2	1909	0	1893.2	0	1891.8	0	1891.8	0	1893.2	0
1900.8	0	1939.9	0	1928.9	1	1905.3	2	1913.9	2	1898	0	1896.7	0	1896.7	0	1898	0
1905.7	0	1944.9	1	1933.8	1	1910.1	1	1918.7	1	1902.9	3	1901.5	1	1901.5	0	1902.9	1
1910.5	2	1949.9	0	1938.8	2	1914.8	1	1923.5	2	1907.7	0	1906.3	1	1906.3	0	1907.7	0
1915.3	0	1955	1	1943.7	0	1919.6	3	1928.4	1	1912.5	1	1911.1	0	1911.1	0	1912.5	1
1920.2	1	1960	0	1948.7	0	1924.4	1	1933.2	0	1917.4	1	1916	1	1916	0	1917.4	1
1925	1	1965	1	1953.6	1	1929.2	0	1938	0	1922.2	0	1920.8	0	1920.8	0	1922.2	0
1929.8	0	1970	1	1958.6	1	1934	1	1942.9	1	1927	0	1925.6	0	1925.6	0	1927	0
1934.7	0	1975	0	1963.5	0	1938.8	0	1947.7	0	1931.9	2	1930.4	1	1930.4	1	1931.9	0
1939.5	0	1980	2	1968.5	3	1943.6	2	1952.5	0	1936.7	0	1935.3	0	1935.3	2	1936.7	1
1944.4	1	1985.1	0	1973.4	1	1948.4	1	1957.4	2	1941.5	2	1940.1	0	1940.1	0	1941.5	0
1949.2	2	1990.1	0	1978.4	1	1953.2	0	1962.2	3	1946.3	0	1944.9	0	1944.9	0	1946.3	0
1954	3	1995.1	1	1983.4	0	1957.9	0	1967	0	1951.2	0	1949.7	0	1949.7	2	1951.2	0
1958.9	0	2000.1	0	1988.3	1	1962.7	2	1971.9	2	1956	0	1954.6	1	1954.6	0	1956	1
1963.7	0	2005.1	2	1993.3	1	1967.5	0	1976.7	1	1960.8	0	1959.4	0	1959.4	0	1960.8	0
1968.5	0	2010.1	0	1998.2	1	1972.3	1	1981.5	0	1965.7	0	1964.2	0	1964.2	0	1965.7	0
1973.4	0	2015.1	1	2003.2	1	1977.1	1	1986.4	1	1970.5	1	1969.1	2	1969.1	1	1970.5	0
1978.2	2	2020.2	0	2008.1	0	1981.9	1	1991.2	1	1975.3	0	1973.9	0	1973.9	2	1975.3	0
1983	0	2025.2	0	2013.1	0	1986.7	1	1996	1	1980.2	0	1978.7	1	1978.7	1	1980.2	0
1987.9	0	2030.2	1	2018	2	1991.5	3	2000.9	0	1985	1	1983.5	0	1983.5	2	1985	1
1992.7	0	2035.2	0	2023	0	1996.3	1	2005.7	1	1989.8	0	1988.4	0	1988.4	1	1989.8	0
1997.6	0	2040.2	1	2027.9	0	2001	2	2010.5	0	1994.6	1	1993.2	1	1993.2	1	1994.6	0
2002.4	0	2045.2	1	2032.9	0	2005.8	0	2015.4	1	1999.5	1	1998	1	1998	1	1999.5	1
2007.2	1	2050.3	3	2037.8	0	2010.6	0	2020.2	0	2004.3	2	2002.8	2	2002.8	0	2004.3	1
2012.1	1	2055.3	0	2042.8	1	2015.4	0	2025	0	2009.1	0	2007.7	0	2007.7	0	2009.1	1
2016.9	1	2060.3	0	2047.7	0	2020.2	2	2029.9	0	2014	1	2012.5	0	2012.5	0	2014	2
2021.7	0	2065.3	0	2052.7	1	2025	2	2034.7	0	2018.8	1	2017.3	0	2017.3	1	2018.8	0
2026.6	1	2070.3	0	2057.7	0	2029.8	0	2039.5	2	2023.6	1	2022.1	0	2022.1	0	2023.6	0
2031.4	1	2075.3	0	2062.6	1	2034.6	0	2044.4	0	2028.4	0	2027	0	2027	0	2028.4	0
2036.2	0	2080.4	4	2067.6	0	2039.4	2	2049.2	0	2033.3	0	2031.8	1	2031.8	2	2033.3	0
2041.1	1	2085.4	1	2072.5	0	2044.1	1	2054	1	2038.1	1	2036.6	1	2036.6	0	2038.1	1
2045.9	3	2090.4	1	2077.5	3	2048.9	1	2058.9	1	2042.9	0	2041.4	0	2041.4	0	2042.9	3
2050.8	0	2095.4	3	2082.4	1	2053.7	1	2063.7	0	2047.8	2	2046.3	0	2046.3	0	2047.8	0
2055.6	0	2100.4	0	2087.4	0	2058.5	1	2068.5	0	2052.6	0	2051.1	0	2051.1	1	2052.6	0
2060.4	0	2105.4	1	2092.3	1	2063.3	0	2073.4	2	2057.4	1	2055.9	0	2055.9	0	2057.4	0
2065.3	2	2110.4	0	2097.3	1	2068.1	2	2078.2	1	2062.3	1	2060.7	0	2060.7	0	2062.3	0
2070.1	2	2115.5	1	2102.2	3	2072.9	1	2083	1	2067.1	0	2065.6	1	2065.6	0	2067.1	1
2074.9	1	2120.5	1	2107.2	0	2077.7	0	2087.9	0	2071.9	1	2070.4	0	2070.4	0	2071.9	1
2079.8	0	2125.5	0	2112.1	1	2082.5	0	2092.7	2	2076.7	0	2075.2	1	2075.2	1	2076.7	2
2084.6	1	2130.5	0	2117.1	0	2087.2	1	2097.5	0	2081.6	0	2080.1	0	2080.1	0	2081.6	2
2089.5	0	2135.5	1	2122	0	2092	1	2102.4	2	2086.4	1	2084.9	0	2084.9	2	2086.4	1
2094.3	0	2140.5	2	2127	0	2096.8	0	2107.2	2	2091.2	2	2089.7	3	2089.7	1	2091.2	0
2099.1	1	2145.6	2	2132	0	2101.6	0	2112	0	2096.1	0	2094.5	1	2094.5	1	2096.1	1
2104	0	2150.6	0	2136.9	1	2106.4	3	2116.9	1	2100.9	0	2099.4	1	2099.4	0	2100.9	2
2108.8	1	2155.6	1	2141.9	0	2111.2	0	2121.7	1	2105.7	0	2104.2	0	2104.2	1	2105.7	0
2113.6	0	2160.6	1	2146.8	3	2116	0	2126.5	1	2110.6	2	2109	0	2109	1	2110.6	0
2118.5	2	2165.6	0	2151.8	0	2120.8	0	2131.3	0	2115.4	3	2113.8	0	2113.8	0	2115.4	0
2123.3	1	2170.6	3	2156.7	1	2125.6	0	2136.2	1	2120.2	2	2118.7	0	2118.7	1	2120.2	2
2128.1	1	2175.7	0	2161.7	0	2130.4	0	2141	1	2125	0	2123.5	0	2123.5	0	2125	1
2133	2	2180.7	1	2166.6	2	2135.1	0	2145.8	0	2129.9	1	2128.3	0	2128.3	1	2129.9	0
2137.8	0	2185.7	0	2171.6	0	2139.9	3	2150.7	1	2134.7	0	2133.1	1	2133.1	0	2134.7	0
2142.7	2	2190.7	1	2176.5	0	2144.7	1	2155.5	0	2139.5	2	2138	0	2138	0	2139.5	1
2147.5	1	2195.7	4	2181.5	1	2149.5	0	2160.3	0	2144.4	0	2142.8	2	2142.8	2	2144.4	0
2152.3	1	2200.7	0	2186.4	1	2154.3	0	2165.2	2	2149.2	0	2147.6	0	2147.6	1	2149.2	0
2157.2	2	2205.7	0	2191.4	1	2159.1	1	2170	0	2154	0	2152.4	1	2152.4	1	2154	0
2162	0	2210.8	2	2196.3	2	2163.9	1	2174.8	0	2158.8	0	2157.3	1	2157.3	1	2158.8	1
2166.8	0	2215.8	2	2201.3	1	2168.7	2	2179.7	1	2163.7	1	2162.1	0	2162.1	0	2163.7	0
2171.7	2	2220.8	0	2206.3	1	2173.5	1	2184.5	0	2168.5	0	2166.9	1	2166.9	0	2168.5	1
2176.5	2	2225.8	1	2211.2	1	2178.2	1	2189.3	1	2173.3	0	2171.8	1	2171.8	1	2173.3	0
2181.3	2	2230.8	1	2216.2	1	2183	0	2194.2	0	2178.2	0	2176.6	1	2176.6	1	2178.2	1
2186.2	1	2235.8	2	2221.1	0	2187.8	1	2199	0	2183	0	2181.4	0	2181.4	1	2183	0
2191	0	2240.9	0	2226.1	1	2192.6	0	2203.8	4	2187.8	1	2186.2	0	2186.2	0	2187.8	2
2195.9	2	2245.9	1	2231	1	2197.4	2	2208.7	0	2192.7	1	2191.1	0	2191.1	1	2192.7	1
2200.7	1	2250.9	0	2236	0	2202.2	1	2213.5	0	2197.5	0	2195.9	1	2195.9	0	2197.5	0
2205.5	0	2255.9	2	2240.9	0	2207	0	2218.3	0	2202.3	0	2200.7	0	2200.7	0	2202.3	1
2210.4	0	2260.9	1	2245.9	1	2211.8	0	2223.2	2	2207.1	0	2205.5	2	2205.5	1	2207.1	0
2215.2	0	2265.9	1	2250.8	0	2216.6	0	2228	0	2212	1	2210.4	0	2210.4	1	2212	0
2220	0	2271	1	2255.8	1	2221.3	2	2232.8	1	2216.8	0	2215.2	0	2215.2	0	2216.8	0
2224.9	1	2276	0	2260.7	0	2226.1	0	2237.7	0	2221.6	1	2220	0	2220	2	2221.6	0
2229.7	1	2281	0	2265.7	1	2230.9	0	2242.5	0	2226.5	0	2224.8	0	2224.8	1	2226.5	1
2234.6	0	2286	1	2270.6	0	2235.7	1	2247.3	2	2231.3	0	2229.7	0	2229.7	0	2231.3	0
2239.4	1	2291	3	2275.6	0	2240.5	0	2252.2	1	2236.1	1	2234.5	1	2234.5	0	2236.1	0
2244.2	1	2296	0	2280.6	1	2245.3	1	2257	0	2241	0	2239.3	1	2239.3	0	2241	3
2249.1	1	2301	2	2285.5	1	2250.1	0	2261.8	0	2245.8	2	2244.1	1	2244.1	0	2245.8	0
2253.9	0	2306.1	0	2290.5	0	2254.9	0	2266.7	2	2250.6	0	2249	1	2249	0	2250.6	1
2258.7	0	2311.1	0	2295.4	0	2259.7	1	2271.5	2	2255.4	0	2253.8	1	2253.8	0	2255.4	0
2263.6	2	2316.1	0	2300.4	1	2264.4	1	2276.3	0	2260.3	0	2258.6	2	2258.6	1	2260.3	0
2268.4	1	2321.1	0	2305.3	0	2269.2	1	2281.2	0	2265.1	0	2263.4	1	2263.4	0	2265.1	1
2273.2	0	2326.1	2	2310.3	2	2274	1	2286	0	2269.9	0	2268.3	2	2268.3	1	2269.9	0
2278.1	0	2331.1	1	2315.2	0	2278.8	0	2290.8	0	2274.8	0	2273.1	0	2273.1	1	2274.8	0
2282.9	1	2336.2	0	2320.2	0	2283.6	1	2295.7	0	2279.6	0	2277.9	1	2277.9	0	2279.6	0
2287.8	0	2341.2	1	2325.1	0	2288.4	0	2300.5	0	2284.4	0	2282.8	0	2282.8	0	2284.4	0
2292.6	2	2346.2	1	2330.1	1	2293.2	0	2305.3	1	2289.2	0	2287.6	0	2287.6	1	2289.2	0
2297.4	2	2351.2	0	2335	0	2298	1	2310.2	1	2294.1	0	2292.4	0	2292.4	0	2294.1	0
2302.3	0	2356.2	0	2340	0	2302.8	0	2315	1	2298.9	0	2297.2	1	2297.2	0	2298.9	0
2307.1	2	2361.2	0	2344.9	0	2307.6	0	2319.8	0	2303.7	0	2302.1	0	2302.1	1	2303.7	1
2311.9	0	2366.3	0	2349.9	0	2312.3	2	2324.7	1	2308.6	0	2306.9	1	2306.9	0	2308.6	1
2316.8	1	2371.3	2	2354.9	0	2317.1	2	2329.5	0	2313.4	1	2311.7	1	2311.7	0	2313.4	0
2321.6	0	2376.3	1	2359.8	0	2321.9	0	2334.3	1	2318.2	0	2316.5	0	2316.5	1	2318.2	0
2326.5	1	2381.3	0	2364.8	1	2326.7	0	2339.2	0	2323.1	1	2321.4	0	2321.4	0	2323.1	0
2331.3	0	2386.3	0	2369.7	1	2331.5	2	2344	1	2327.9	0	2326.2	0	2326.2	1	2327.9	0
2336.1	0	2391.3	0	2374.7	1	2336.3	0	2348.8	0	2332.7	0	2331	0	2331	1	2332.7	0
2341	0	2396.3	1	2379.6	0	2341.1	1	2353.7	2	2337.5	0	2335.8	0	2335.8	0	2337.5	0
2345.8	0	2401.4	1	2384.6	1	2345.9	1	2358.5	0	2342.4	0	2340.7	2	2340.7	1	2342.4	1
2350.6	0	2406.4	0	2389.5	1	2350.7	0	2363.3	1	2347.2	0	2345.5	1	2345.5	0	2347.2	0
2355.5	0	2411.4	0	2394.5	0	2355.4	1	2368.2	0	2352	0	2350.3	0	2350.3	1	2352	0
2360.3	0	2416.4	0	2399.4	0	2360.2	0	2373	0	2356.9	1	2355.1	1	2355.1	0	2356.9	0
2365.1	0	2421.4	0	2404.4	1	2365	0	2377.8	0	2361.7	0	2360	0	2360	0	2361.7	0
2370	0	2426.4	0	2409.3	0	2369.8	0	2382.7	2	2366.5	0	2364.8	0	2364.8	0	2366.5	0
2374.8	0	2431.5	0	2414.3	0	2374.6	0	2387.5	0	2371.4	0	2369.6	0	2369.6	0	2371.4	0
2379.7	1	2436.5	0	2419.2	0	2379.4	0	2392.3	0	2376.2	0	2374.4	0	2374.4	0	2376.2	1
2384.5	0	2441.5	0	2424.2	0	2384.2	0	2397.2	0	2381	0	2379.3	0	2379.3	1	2381	0
2389.3	0	2446.5	0	2429.1	0	2389	0	2402	1	2385.8	0	2384.1	0	2384.1	0	2385.8	0
2394.2	0	2451.5	0	2434.1	1	2393.8	0	2406.8	0	2390.7	0	2388.9	2	2388.9	0	2390.7	0
2399	0	2456.5	0	2439.1	0	2398.5	0	2411.7	1	2395.5	0	2393.8	0	2393.8	0	2395.5	0
2403.8	0	2461.6	0	2444	1	2403.3	0	2416.5	0	2400.3	0	2398.6	0	2398.6	0	2400.3	0
2408.7	0	2466.6	0	2449	0	2408.1	0	2421.3	1	2405.2	0	2403.4	1	2403.4	1	2405.2	0
2413.5	0	2471.6	1	2453.9	0	2412.9	1	2426.2	0	2410	1	2408.2	0	2408.2	2	2410	0
2418.3	1	2476.6	0	2458.9	1	2417.7	1	2431	0	2414.8	1	2413.1	1	2413.1	0	2414.8	0
2423.2	1	2481.6	0	2463.8	0	2422.5	0	2435.8	0	2419.6	0	2417.9	0	2417.9	1	2419.6	0
2428	1	2486.6	0	2468.8	0	2427.3	0	2440.7	0	2424.5	0	2422.7	0	2422.7	0	2424.5	0
2432.9	0	2491.6	0	2473.7	0	2432.1	0	2445.5	1	2429.3	0	2427.5	0	2427.5	0	2429.3	1
2437.7	1	2496.7	0	2478.7	1	2436.9	0	2450.3	1	2434.1	0	2432.4	0	2432.4	0	2434.1	0
2442.5	0	2501.7	0	2483.6	0	2441.6	0	2455.1	2	2439	0	2437.2	0	2437.2	0	2439	0
2447.4	0	2506.7	0	2488.6	0	2446.4	0	2460	1	2443.8	0	2442	0	2442	1	2443.8	0
2452.2	0	2511.7	0	2493.5	0	2451.2	0	2464.8	0	2448.6	0	2446.8	0	2446.8	0	2448.6	2
2457	0	2516.7	0	2498.5	2	2456	1	2469.6	0	2453.5	0	2451.7	1	2451.7	1	2453.5	0
2461.9	1	2521.7	0	2503.4	0	2460.8	0	2474.5	0	2458.3	0	2456.5	0	2456.5	1	2458.3	0
2466.7	0	2526.8	2	2508.4	1	2465.6	0	2479.3	0	2463.1	0	2461.3	0	2461.3	1	2463.1	2
2471.6	7	2531.8	9	2513.4	8	2470.4	7	2484.1	9	2467.9	10	2466.1	8	2466.1	3	2467.9	4