
0.9 mm

1.2 mm

2 mm

2.4 mm

4 mm
n_1
N_1

E_1 / keV
N_1

n_1
N_1

E_1 / keV
N_1

n_1
N_1

E_1 / keV
N_1

n_1
N_1

E_1 / keV
N_1

n_2
N_2

E_2 / keV
N_2
0
0

-7.5
0

0
0

44.1
0

0
0

-30.1
0

0
0

7.8
0

0
0

-10.9
0
1
0

-2.6
0

1
0

48.8
0

1
0

-25.2
0

1
0

12.6
0

1
0

-6
0
2
0

2.3
0

2
0

53.5
0

2
0

-20.2
0

2
0

17.5
0

2
0

-1.2
0
3
80

7.2
80

3
54

58.1
54

3
30

-15.3
30

3
38

22.3
38

3
44

3.7
44
4
151

12.1
151

4
124

62.8
124

4
100

-10.3
100

4
103

27.1
103

4
101

8.6
101
5
175

16.9
175

5
163

67.5
163

5
139

-5.4
139

5
146

32
146

5
157

13.5
157
6
191

21.8
191

6
169

72.2
169

6
168

-0.4
168

6
165

36.8
165

6
163

18.4
163
7
203

26.7
203

7
165

76.8
165

7
189

4.5
189

7
166

41.6
166

7
164

23.3
164
8
205

31.6
205

8
198

81.5
198

8
180

9.5
180

8
185

46.5
185

8
178

28.2
178
9
240

36.5
240

9
147

86.2
147

9
192

14.4
192

9
148

51.3
148

9
150

33.1
150
10
238

41.4
238

10
225

90.9
225

10
182

19.4
182

10
185

56.1
185

10
168

38
168
11
269

46.3
269

11
202

95.5
202

11
185

24.3
185

11
219

61
219

11
192

42.9
192
12
306

51.2
306

12
252

100.2
252

12
243

29.3
243

12
239

65.8
239

12
192

47.8
192
13
300

56.1
300

13
296

104.9
296

13
251

34.2
251

13
266

70.6
266

13
232

52.7
232
14
340

61
340

14
293

109.6
293

14
283

39.2
283

14
265

75.5
265

14
290

57.6
290
15
410

65.9
410

15
356

114.2
356

15
323

44.1
323

15
360

80.3
360

15
315

62.4
315
16
426

70.8
426

16
393

118.9
393

16
428

49.1
428

16
395

85.1
395

16
409

67.3
409
17
503

75.7
503

17
420

123.6
420

17
445

54.1
445

17
431

90
431

17
431

72.2
431
18
566

80.5
566

18
546

128.3
546

18
516

59
516

18
487

94.8
487

18
442

77.1
442
19
637

85.4
637

19
622

133
622

19
563

64
563

19
582

99.6
582

19
583

82
583
20
724

90.3
724

20
617

137.6
617

20
574

68.9
574

20
598

104.5
598

20
563

86.9
563
21
638

95.2
638

21
649

142.3
649

21
593

73.9
593

21
653

109.3
653

21
566

91.8
566
22
600

100.1
600

22
587

147
587

22
544

78.8
544

22
551

114.1
551

22
599

96.7
599
23
613

105
613

23
584

151.7
584

23
608

83.8
608

23
569

119
569

23
584

101.6
584
24
599

109.9
599

24
574

156.3
574

24
586

88.7
586

24
563

123.8
563

24
522

106.5
522
25
568

114.8
568

25
552

161
552

25
529

93.7
529

25
563

128.6
563

25
538

111.4
538
26
561

119.7
561

26
515

165.7
515

26
536

98.6
536

26
536

133.5
536

26
506

116.3
506
27
523

124.6
523

27
526

170.4
526

27
512

103.6
512

27
551

138.3
551

27
486

121.2
486
28
609

129.5
609

28
541

175
541

28
505

108.5
505

28
522

143.1
522

28
513

126
513
29
548

134.4
548

29
529

179.7
529

29
486

113.5
486

29
526

148
526

29
503

130.9
503
30
555

139.3
555

30
509

184.4
509

30
505

118.4
505

30
502

152.8
502

30
497

135.8
497
31
541

144.1
541

31
521

189.1
521

31
463

123.4
463

31
466

157.6
466

31
508

140.7
508
32
550

149
550

32
534

193.7
534

32
515

128.4
515

32
526

162.5
526

32
490

145.6
490
33
521

153.9
521

33
510

198.4
510

33
492

133.3
492

33
527

167.3
527

33
463

150.5
463
34
508

158.8
508

34
491

203.1
491

34
455

138.3
455

34
447

172.1
447

34
435

155.4
435
35
520

163.7
520

35
433

207.8
433

35
450

143.2
450

35
452

177
452

35
451

160.3
451
36
479

168.6
479

36
482

212.5
482

36
478

148.2
478

36
431

181.8
431

36
414

165.2
414
37
503

173.5
503

37
450

217.1
450

37
484

153.1
484

37
456

186.6
456

37
409

170.1
409
38
494

178.4
494

38
434

221.8
434

38
416

158.1
416

38
445

191.5
445

38
372

175
372
39
451

183.3
451

39
437

226.5
437

39
402

163
402

39
408

196.3
408

39
402

179.9
402
40
455

188.2
455

40
409

231.2
409

40
452

168
452

40
441

201.1
441

40
351

184.8
351
41
458

193.1
458

41
425

235.8
425

41
389

172.9
389

41
427

206
427

41
367

189.6
367
42
433

198
433

42
423

240.5
423

42
403

177.9
403

42
390

210.8
390

42
359

194.5
359
43
472

202.9
472

43
417

245.2
417

43
382

182.8
382

43
361

215.6
361

43
370

199.4
370
44
447

207.7
447

44
393

249.9
393

44
371

187.8
371

44
395

220.4
395

44
353

204.3
353
45
420

212.6
420

45
384

254.5
384

45
373

192.7
373

45
352

225.3
352

45
346

209.2
346
46
444

217.5
444

46
380

259.2
380

46
373

197.7
373

46
375

230.1
375

46
346

214.1
346
47
400

222.4
400

47
378

263.9
378

47
369

202.7
369

47
368

234.9
368

47
375

219
375
48
454

227.3
454

48
381

268.6
381

48
365

207.6
365

48
357

239.8
357

48
321

223.9
321
49
401

232.2
401

49
383

273.2
383

49
355

212.6
355

49
335

244.6
335

49
321

228.8
321
50
376

237.1
376

50
340

277.9
340

50
347

217.5
347

50
312

249.4
312

50
312

233.7
312
51
380

242
380

51
337

282.6
337

51
313

222.5
313

51
293

254.3
293

51
303

238.6
303
52
385

246.9
385

52
361

287.3
361

52
296

227.4
296

52
309

259.1
309

52
295

243.5
295
53
383

251.8
383

53
326

292
326

53
291

232.4
291

53
297

263.9
297

53
292

248.4
292
54
351

256.7
351

54
330

296.6
330

54
279

237.3
279

54
247

268.8
247

54
245

253.2
245
55
337

261.6
337

55
316

301.3
316

55
294

242.3
294

55
283

273.6
283

55
262

258.1
262
56
339

266.5
339

56
294

306
294

56
251

247.2
251

56
256

278.4
256

56
236

263
236
57
321

271.3
321

57
297

310.7
297

57
277

252.2
277

57
256

283.3
256

57
214

267.9
214
58
298

276.2
298

58
293

315.3
293

58
242

257.1
242

58
239

288.1
239

58
253

272.8
253
59
294

281.1
294

59
258

320
258

59
236

262.1
236

59
225

292.9
225

59
226

277.7
226
60
312

286
312

60
241

324.7
241

60
256

267
256

60
225

297.8
225

60
208

282.6
208
61
269

290.9
269

61
258

329.4
258

61
217

272
217

61
264

302.6
264

61
225

287.5
225
62
265

295.8
265

62
273

334
273

62
223

277
223

62
225

307.4
225

62
206

292.4
206
63
263

300.7
263

63
253

338.7
253

63
203

281.9
203

63
201

312.3
201

63
215

297.3
215
64
278

305.6
278

64
268

343.4
268

64
231

286.9
231

64
211

317.1
211

64
194

302.2
194
65
274

310.5
274

65
240

348.1
240

65
205

291.8
205

65
214

321.9
214

65
191

307.1
191
66
247

315.4
247

66
233

352.7
233

66
213

296.8
213

66
201

326.8
201

66
180

312
180
67
261

320.3
261

67
211

357.4
211

67
187

301.7
187

67
192

331.6
192

67
177

316.8
177
68
241

325.2
241

68
237

362.1
237

68
211

306.7
211

68
195

336.4
195

68
197

321.7
197
69
249

330.1
249

69
233

366.8
233

69
189

311.6
189

69
186

341.3
186

69
176

326.6
176
70
239

334.9
239

70
189

371.5
189

70
227

316.6
227

70
181

346.1
181

70
170

331.5
170
71
221

339.8
221

71
248

376.1
248

71
202

321.5
202

71
213

350.9
213

71
142

336.4
142
72
239

344.7
239

72
216

380.8
216

72
187

326.5
187

72
198

355.8
198

72
173

341.3
173
73
214

349.6
214

73
187

385.5
187

73
193

331.4
193

73
182

360.6
182

73
165

346.2
165
74
206

354.5
206

74
193

390.2
193

74
197

336.4
197

74
158

365.4
158

74
165

351.1
165
75
207

359.4
207

75
189

394.8
189

75
191

341.3
191

75
191

370.3
191

75
155

356
155
76
215

364.3
215

76
182

399.5
182

76
154

346.3
154

76
184

375.1
184

76
150

360.9
150
77
193

369.2
193

77
182

404.2
182

77
170

351.3
170

77
139

379.9
139

77
148

365.8
148
78
169

374.1
169

78
174

408.9
174

78
144

356.2
144

78
146

384.8
146

78
169

370.7
169
79
196

379
196

79
180

413.5
180

79
167

361.2
167

79
168

389.6
168

79
132

375.6
132
80
220

383.9
220

80
188

418.2
188

80
171

366.1
171

80
153

394.4
153

80
157

380.4
157
81
213

388.8
213

81
174

422.9
174

81
148

371.1
148

81
148

399.3
148

81
148

385.3
148
82
188

393.7
188

82
168

427.6
168

82
153

376
153

82
166

404.1
166

82
150

390.2
150
83
214

398.5
214

83
155

432.2
155

83
153

381
153

83
139

408.9
139

83
146

395.1
146
84
164

403.4
164

84
158

436.9
158

84
153

385.9
153

84
137

413.8
137

84
123

400
123
85
185

408.3
185

85
140

441.6
140

85
161

390.9
161

85
155

418.6
155

85
123

404.9
123
86
167

413.2
167

86
180

446.3
180

86
160

395.8
160

86
151

423.4
151

86
122

409.8
122
87
147

418.1
147

87
158

451
158

87
139

400.8
139

87
136

428.3
136

87
143

414.7
143
88
168

423
168

88
148

455.6
148

88
139

405.7
139

88
114

433.1
114

88
120

419.6
120
89
178

427.9
178

89
148

460.3
148

89
154

410.7
154

89
131

437.9
131

89
138

424.5
138
90
152

432.8
152

90
143

465
143

90
163

415.6
163

90
136

442.8
136

90
142

429.4
142
91
209

437.7
209

91
175

469.7
175

91
125

420.6
125

91
145

447.6
145

91
118

434.3
118
92
179

442.6
179

92
155

474.3
155

92
153

425.6
153

92
123

452.4
123

92
133

439.2
133
93
173

447.5
173

93
167

479
167

93
126

430.5
126

93
150

457.3
150

93
120

444
120
94
169

452.4
169

94
143

483.7
143

94
125

435.5
125

94
130

462.1
130

94
114

448.9
114
95
165

457.3
165

95
146

488.4
146

95
126

440.4
126

95
141

466.9
141

95
112

453.8
112
96
179

462.1
179

96
152

493
152

96
147

445.4
147

96
139

471.8
139

96
129

458.7
129
97
185

467
185

97
142

497.7
142

97
129

450.3
129

97
153

476.6
153

97
106

463.6
106
98
146

471.9
146

98
138

502.4
138

98
130

455.3
130

98
131

481.4
131

98
117

468.5
117
99
148

476.8
148

99
140

507.1
140

99
135

460.2
135

99
141

486.3
141

99
116

473.4
116
100
144

481.7
144

100
137

511.7
137

100
128

465.2
128

100
126

491.1
126

100
111

478.3
111
101
138

486.6
138

101
143

516.4
143

101
125

470.1
125

101
120

495.9
120

101
96

483.2
96
102
152

491.5
152

102
117

521.1
117

102
123

475.1
123

102
120

500.8
120

102
114

488.1
114
103
141

496.4
141

103
144

525.8
144

103
122

480
122

103
131

505.6
131

103
111

493
111
104
163

501.3
163

104
137

530.5
137

104
138

485
138

104
111

510.4
111

104
126

497.9
126
105
145

506.2
145

105
151

535.1
151

105
125

489.9
125

105
140

515.3
140

105
110

502.8
110
106
148

511.1
148

106
135

539.8
135

106
113

494.9
113

106
128

520.1
128

106
110

507.6
110
107
152

516
152

107
130

544.5
130

107
120

499.9
120

107
114

524.9
114

107
114

512.5
114
108
141

520.9
141

108
129

549.2
129

108
116

504.8
116

108
114

529.8
114

108
119

517.4
119
109
126

525.7
126

109
120

553.8
120

109
115

509.8
115

109
125

534.6
125

109
94

522.3
94
110
123

530.6
123

110
129

558.5
129

110
117

514.7
117

110
108

539.4
108

110
127

527.2
127
111
139

535.5
139

111
123

563.2
123

111
112

519.7
112

111
108

544.2
108

111
97

532.1
97
112
134

540.4
134

112
135

567.9
135

112
120

524.6
120

112
125

549.1
125

112
118

537
118
113
141

545.3
141

113
108

572.5
108

113
124

529.6
124

113
96

553.9
96

113
99

541.9
99
114
120

550.2
120

114
129

577.2
129

114
116

534.5
116

114
118

558.7
118

114
104

546.8
104
115
142

555.1
142

115
127

581.9
127

115
119

539.5
119

115
122

563.6
122

115
104

551.7
104
116
158

560
158

116
117

586.6
117

116
99

544.4
99

116
105

568.4
105

116
89

556.6
89
117
136

564.9
136

117
129

591.2
129

117
116

549.4
116

117
105

573.2
105

117
95

561.5
95
118
130

569.8
130

118
136

595.9
136

118
121

554.3
121

118
94

578.1
94

118
97

566.4
97
119
134

574.7
134

119
108

600.6
108

119
98

559.3
98

119
112

582.9
112

119
81

571.2
81
120
127

579.6
127

120
134

605.3
134

120
90

564.2
90

120
104

587.7
104

120
95

576.1
95
121
114

584.5
114

121
103

610
103

121
134

569.2
134

121
115

592.6
115

121
86

581
86
122
139

589.3
139

122
109

614.6
109

122
118

574.1
118

122
92

597.4
92

122
102

585.9
102
123
133

594.2
133

123
134

619.3
134

123
125

579.1
125

123
98

602.2
98

123
105

590.8
105
124
127

599.1
127

124
132

624
132

124
120

584.1
120

124
120

607.1
120

124
94

595.7
94
125
134

604
134

125
117

628.7
117

125
105

589
105

125
103

611.9
103

125
102

600.6
102
126
133

608.9
133

126
124

633.3
124

126
133

594
133

126
119

616.7
119

126
127

605.5
127
127
160

613.8
160

127
117

638
117

127
118

598.9
118

127
88

621.6
88

127
97

610.4
97
128
156

618.7
156

128
128

642.7
128

128
112

603.9
112

128
140

626.4
140

128
99

615.3
99
129
159

623.6
159

129
117

647.4
117

129
127

608.8
127

129
127

631.2
127

129
107

620.2
107
130
153

628.5
153

130
146

652
146

130
123

613.8
123

130
123

636.1
123

130
108

625.1
108
131
152

633.4
152

131
157

656.7
157

131
125

618.7
125

131
139

640.9
139

131
122

630
122
132
154

638.3
154

132
138

661.4
138

132
120

623.7
120

132
117

645.7
117

132
118

634.8
118
133
173

643.2
173

133
167

666.1
167

133
128

628.6
128

133
140

650.6
140

133
119

639.7
119
134
189

648.1
189

134
159

670.7
159

134
131

633.6
131

134
114

655.4
114

134
134

644.6
134
135
197

652.9
197

135
163

675.4
163

135
144

638.5
144

135
161

660.2
161

135
139

649.5
139
136
218

657.8
218

136
164

680.1
164

136
147

643.5
147

136
146

665.1
146

136
147

654.4
147
137
207

662.7
207

137
168

684.8
168

137
146

648.4
146

137
169

669.9
169

137
154

659.3
154
138
200

667.6
200

138
176

689.5
176

138
161

653.4
161

138
157

674.7
157

138
158

664.2
158
139
182

672.5
182

139
185

694.1
185

139
175

658.4
175

139
140

679.6
140

139
166

669.1
166
140
172

677.4
172

140
166

698.8
166

140
148

663.3
148

140
157

684.4
157

140
149

674
149
141
185

682.3
185

141
133

703.5
133

141
145

668.3
145

141
149

689.2
149

141
139

678.9
139
142
177

687.2
177

142
133

708.2
133

142
130

673.2
130

142
136

694.1
136

142
135

683.8
135
143
139

692.1
139

143
134

712.8
134

143
150

678.2
150

143
123

698.9
123

143
124

688.7
124
144
136

697
136

144
139

717.5
139

144
116

683.1
116

144
124

703.7
124

144
111

693.6
111
145
159

701.9
159

145
128

722.2
128

145
94

688.1
94

145
120

708.6
120

145
99

698.4
99
146
116

706.8
116

146
113

726.9
113

146
105

693
105

146
112

713.4
112

146
79

703.3
79
147
132

711.7
132

147
118

731.5
118

147
117

698
117

147
91

718.2
91

147
96

708.2
96
148
105

716.5
105

148
118

736.2
118

148
94

702.9
94

148
78

723.1
78

148
76

713.1
76
149
111

721.4
111

149
102

740.9
102

149
87

707.9
87

149
98

727.9
98

149
84

718
84
150
101

726.3
101

150
107

745.6
107

150
78

712.8
78

150
88

732.7
88

150
76

722.9
76
151
106

731.2
106

151
107

750.2
107

151
91

717.8
91

151
105

737.6
105

151
81

727.8
81
152
92

736.1
92

152
101

754.9
101

152
82

722.7
82

152
86

742.4
86

152
63

732.7
63
153
94

741
94

153
81

759.6
81

153
75

727.7
75

153
93

747.2
93

153
76

737.6
76
154
91

745.9
91

154
86

764.3
86

154
98

732.7
98

154
99

752.1
99

154
67

742.5
67
155
118

750.8
118

155
104

769
104

155
94

737.6
94

155
90

756.9
90

155
61

747.4
61
156
92

755.7
92

156
97

773.6
97

156
81

742.6
81

156
77

761.7
77

156
73

752.3
73
157
98

760.6
98

157
89

778.3
89

157
75

747.5
75

157
71

766.6
71

157
81

757.2
81
158
98

765.5
98

158
111

783
111

158
73

752.5
73

158
76

771.4
76

158
88

762
88
159
111

770.4
111

159
84

787.7
84

159
87

757.4
87

159
82

776.2
82

159
74

766.9
74
160
103

775.3
103

160
90

792.3
90

160
88

762.4
88

160
77

781.1
77

160
90

771.8
90
161
102

780.1
102

161
106

797
106

161
95

767.3
95

161
86

785.9
86

161
66

776.7
66
162
104

785
104

162
118

801.7
118

162
89

772.3
89

162
86

790.7
86

162
83

781.6
83
163
89

789.9
89

163
91

806.4
91

163
86

777.2
86

163
91

795.6
91

163
66

786.5
66
164
127

794.8
127

164
99

811
99

164
77

782.2
77

164
81

800.4
81

164
81

791.4
81
165
102

799.7
102

165
105

815.7
105

165
83

787.1
83

165
74

805.2
74

165
71

796.3
71
166
103

804.6
103

166
113

820.4
113

166
94

792.1
94

166
92

810.1
92

166
61

801.2
61
167
98

809.5
98

167
74

825.1
74

167
87

797
87

167
75

814.9
75

167
70

806.1
70
168
89

814.4
89

168
114

829.7
114

168
92

802
92

168
83

819.7
83

168
58

811
58
169
111

819.3
111

169
102

834.4
102

169
100

807
100

169
70

824.6
70

169
68

815.9
68
170
115

824.2
115

170
111

839.1
111

170
85

811.9
85

170
78

829.4
78

170
69

820.8
69
171
93

829.1
93

171
99

843.8
99

171
93

816.9
93

171
87

834.2
87

171
60

825.6
60
172
117

834
117

172
113

848.5
113

172
68

821.8
68

172
86

839.1
86

172
76

830.5
76
173
108

838.9
108

173
104

853.1
104

173
98

826.8
98

173
83

843.9
83

173
45

835.4
45
174
124

843.7
124

174
106

857.8
106

174
80

831.7
80

174
86

848.7
86

174
64

840.3
64
175
104

848.6
104

175
76

862.5
76

175
85

836.7
85

175
99

853.6
99

175
80

845.2
80
176
104

853.5
104

176
121

867.2
121

176
85

841.6
85

176
84

858.4
84

176
69

850.1
69
177
99

858.4
99

177
109

871.8
109

177
104

846.6
104

177
79

863.2
79

177
64

855
64
178
106

863.3
106

178
94

876.5
94

178
90

851.5
90

178
100

868
100

178
73

859.9
73
179
106

868.2
106

179
102

881.2
102

179
95

856.5
95

179
82

872.9
82

179
83

864.8
83
180
83

873.1
83

180
101

885.9
101

180
79

861.4
79

180
92

877.7
92

180
67

869.7
67
181
107

878
107

181
110

890.5
110

181
102

866.4
102

181
80

882.5
80

181
64

874.6
64
182
107

882.9
107

182
86

895.2
86

182
80

871.3
80

182
74

887.4
74

182
79

879.5
79
183
111

887.8
111

183
108

899.9
108

183
82

876.3
82

183
99

892.2
99

183
80

884.4
80
184
97

892.7
97

184
112

904.6
112

184
108

881.3
108

184
90

897
90

184
73

889.2
73
185
107

897.6
107

185
118

909.2
118

185
118

886.2
118

185
93

901.9
93

185
74

894.1
74
186
107

902.5
107

186
99

913.9
99

186
85

891.2
85

186
91

906.7
91

186
59

899
59
187
105

907.3
105

187
117

918.6
117

187
88

896.1
88

187
93

911.5
93

187
69

903.9
69
188
100

912.2
100

188
103

923.3
103

188
97

901.1
97

188
84

916.4
84

188
89

908.8
89
189
106

917.1
106

189
87

928
87

189
92

906
92

189
94

921.2
94

189
75

913.7
75
190
101

922
101

190
87

932.6
87

190
96

911
96

190
74

926
74

190
61

918.6
61
191
82

926.9
82

191
102

937.3
102

191
87

915.9
87

191
65

930.9
65

191
70

923.5
70
192
89

931.8
89

192
85

942
85

192
84

920.9
84

192
65

935.7
65

192
92

928.4
92
193
78

936.7
78

193
97

946.7
97

193
91

925.8
91

193
78

940.5
78

193
63

933.3
63
194
95

941.6
95

194
113

951.3
113

194
80

930.8
80

194
64

945.4
64

194
66

938.2
66
195
80

946.5
80

195
98

956
98

195
82

935.7
82

195
70

950.2
70

195
75

943.1
75
196
94

951.4
94

196
86

960.7
86

196
67

940.7
67

196
69

955
69

196
61

948
61
197
101

956.3
101

197
78

965.4
78

197
84

945.6
84

197
63

959.9
63

197
45

952.8
45
198
86

961.2
86

198
71

970
71

198
70

950.6
70

198
73

964.7
73

198
58

957.7
58
199
81

966.1
81

199
76

974.7
76

199
65

955.6
65

199
70

969.5
70

199
51

962.6
51
200
77

970.9
77

200
73

979.4
73

200
56

960.5
56

200
62

974.4
62

200
59

967.5
59
201
62

975.8
62

201
67

984.1
67

201
72

965.5
72

201
77

979.2
77

201
54

972.4
54
202
59

980.7
59

202
89

988.7
89

202
54

970.4
54

202
59

984
59

202
46

977.3
46
203
69

985.6
69

203
64

993.4
64

203
68

975.4
68

203
62

988.9
62

203
56

982.2
56
204
72

990.5
72

204
71

998.1
71

204
64

980.3
64

204
66

993.7
66

204
59

987.1
59
205
63

995.4
63

205
75

1002.8
75

205
62

985.3
62

205
67

998.5
67

205
49

992
49
206
72

1000.3
72

206
72

1007.5
72

206
64

990.2
64

206
67

1003.4
67

206
49

996.9
49
207
54

1005.2
54

207
64

1012.1
64

207
47

995.2
47

207
72

1008.2
72

207
43

1001.8
43
208
74

1010.1
74

208
68

1016.8
68

208
64

1000.1
64

208
53

1013
53

208
59

1006.7
59
209
64

1015
64

209
63

1021.5
63

209
66

1005.1
66

209
73

1017.9
73

209
51

1011.6
51
210
69

1019.9
69

210
60

1026.2
60

210
50

1010
50

210
66

1022.7
66

210
47

1016.4
47
211
56

1024.8
56

211
66

1030.8
66

211
54

1015
54

211
58

1027.5
58

211
46

1021.3
46
212
59

1029.7
59

212
63

1035.5
63

212
52

1019.9
52

212
62

1032.4
62

212
35

1026.2
35
213
47

1034.5
47

213
63

1040.2
63

213
57

1024.9
57

213
48

1037.2
48

213
52

1031.1
52
214
62

1039.4
62

214
56

1044.9
56

214
52

1029.9
52

214
50

1042
50

214
46

1036
46
215
70

1044.3
70

215
70

1049.5
70

215
59

1034.8
59

215
54

1046.9
54

215
60

1040.9
60
216
65

1049.2
65

216
61

1054.2
61

216
61

1039.8
61

216
46

1051.7
46

216
39

1045.8
39
217
53

1054.1
53

217
58

1058.9
58

217
39

1044.7
39

217
68

1056.5
68

217
48

1050.7
48
218
55

1059
55

218
66

1063.6
66

218
56

1049.7
56

218
52

1061.4
52

218
44

1055.6
44
219
64

1063.9
64

219
50

1068.2
50

219
64

1054.6
64

219
47

1066.2
47

219
43

1060.5
43
220
60

1068.8
60

220
54

1072.9
54

220
47

1059.6
47

220
47

1071
47

220
53

1065.4
53
221
64

1073.7
64

221
55

1077.6
55

221
51

1064.5
51

221
45

1075.9
45

221
51

1070.3
51
222
72

1078.6
72

222
58

1082.3
58

222
59

1069.5
59

222
37

1080.7
37

222
41

1075.2
41
223
50

1083.5
50

223
60

1087
60

223
51

1074.4
51

223
46

1085.5
46

223
37

1080
37
224
58

1088.4
58

224
66

1091.6
66

224
49

1079.4
49

224
66

1090.4
66

224
45

1084.9
45
225
54

1093.3
54

225
57

1096.3
57

225
50

1084.3
50

225
50

1095.2
50

225
50

1089.8
50
226
62

1098.1
62

226
51

1101
51

226
61

1089.3
61

226
49

1100
49

226
44

1094.7
44
227
66

1103
66

227
61

1105.7
61

227
50

1094.2
50

227
47

1104.9
47

227
45

1099.6
45
228
58

1107.9
58

228
60

1110.3
60

228
51

1099.2
51

228
67

1109.7
67

228
40

1104.5
40
229
58

1112.8
58

229
55

1115
55

229
66

1104.1
66

229
52

1114.5
52

229
51

1109.4
51
230
70

1117.7
70

230
61

1119.7
61

230
36

1109.1
36

230
57

1119.4
57

230
41

1114.3
41
231
49

1122.6
49

231
67

1124.4
67

231
72

1114.1
72

231
46

1124.2
46

231
53

1119.2
53
232
83

1127.5
83

232
85

1129
85

232
73

1119
73

232
68

1129
68

232
62

1124.1
62
233
102

1132.4
102

233
77

1133.7
77

233
62

1124
62

233
59

1133.9
59

233
52

1129
52
234
95

1137.3
95

234
106

1138.4
106

234
84

1128.9
84

234
70

1138.7
70

234
48

1133.9
48
235
108

1142.2
108

235
106

1143.1
106

235
100

1133.9
100

235
74

1143.5
74

235
69

1138.8
69
236
135

1147.1
135

236
114

1147.7
114

236
89

1138.8
89

236
104

1148.4
104

236
67

1143.6
67
237
132

1152
132

237
131

1152.4
131

237
105

1143.8
105

237
94

1153.2
94

237
86

1148.5
86
238
146

1156.9
146

238
130

1157.1
130

238
114

1148.7
114

238
110

1158
110

238
100

1153.4
100
239
151

1161.7
151

239
144

1161.8
144

239
96

1153.7
96

239
101

1162.9
101

239
93

1158.3
93
240
151

1166.6
151

240
130

1166.5
130

240
110

1158.6
110

240
126

1167.7
126

240
96

1163.2
96
241
168

1171.5
168

241
148

1171.1
148

241
123

1163.6
123

241
124

1172.5
124

241
92

1168.1
92
242
167

1176.4
167

242
161

1175.8
161

242
116

1168.5
116

242
117

1177.3
117

242
103

1173
103
243
156

1181.3
156

243
144

1180.5
144

243
130

1173.5
130

243
106

1182.2
106

243
92

1177.9
92
244
132

1186.2
132

244
143

1185.2
143

244
103

1178.4
103

244
138

1187
138

244
89

1182.8
89
245
125

1191.1
125

245
141

1189.8
141

245
108

1183.4
108

245
104

1191.8
104

245
96

1187.7
96
246
122

1196
122

246
123

1194.5
123

246
106

1188.4
106

246
94

1196.7
94

246
74

1192.6
74
247
130

1200.9
130

247
115

1199.2
115

247
127

1193.3
127

247
85

1201.5
85

247
65

1197.5
65
248
115

1205.8
115

248
115

1203.9
115

248
99

1198.3
99

248
77

1206.3
77

248
85

1202.4
85
249
104

1210.7
104

249
98

1208.5
98

249
77

1203.2
77

249
81

1211.2
81

249
66

1207.2
66
250
67

1215.6
67

250
74

1213.2
74

250
87

1208.2
87

250
67

1216
67

250
46

1212.1
46
251
71

1220.5
71

251
55

1217.9
55

251
75

1213.1
75

251
49

1220.8
49

251
44

1217
44
252
73

1225.3
73

252
61

1222.6
61

252
52

1218.1
52

252
39

1225.7
39

252
39

1221.9
39
253
46

1230.2
46

253
56

1227.2
56

253
48

1223
48

253
50

1230.5
50

253
39

1226.8
39
254
51

1235.1
51

254
37

1231.9
37

254
37

1228
37

254
23

1235.3
23

254
31

1231.7
31
255
28

1240
28

255
46

1236.6
46

255
29

1232.9
29

255
35

1240.2
35

255
25

1236.6
25
256
38

1244.9
38

256
22

1241.3
22

256
25

1237.9
25

256
23

1245
23

256
22

1241.5
22
257
22

1249.8
22

257
38

1246
38

257
22

1242.8
22

257
21

1249.8
21

257
16

1246.4
16
258
37

1254.7
37

258
24

1250.6
24

258
19

1247.8
19

258
23

1254.7
23

258
28

1251.3
28
259
30

1259.6
30

259
28

1255.3
28

259
28

1252.7
28

259
21

1259.5
21

259
15

1256.2
15
260
33

1264.5
33

260
21

1260
21

260
24

1257.7
24

260
19

1264.3
19

260
18

1261.1
18
261
28

1269.4
28

261
37

1264.7
37

261
26

1262.7
26

261
33

1269.2
33

261
24

1266
24
262
37

1274.3
37

262
37

1269.3
37

262
40

1267.6
40

262
25

1274
25

262
25

1270.8
25
263
50

1279.2
50

263
33

1274
33

263
27

1272.6
27

263
36

1278.8
36

263
23

1275.7
23
264
43

1284.1
43

264
51

1278.7
51

264
39

1277.5
39

264
33

1283.7
33

264
42

1280.6
42
265
43

1288.9
43

265
60

1283.4
60

265
43

1282.5
43

265
43

1288.5
43

265
25

1285.5
25
266
62

1293.8
62

266
53

1288
53

266
51

1287.4
51

266
58

1293.3
58

266
28

1290.4
28
267
64

1298.7
64

267
56

1292.7
56

267
63

1292.4
63

267
48

1298.2
48

267
35

1295.3
35
268
86

1303.6
86

268
73

1297.4
73

268
70

1297.3
70

268
53

1303
53

268
45

1300.2
45
269
95

1308.5
95

269
66

1302.1
66

269
88

1302.3
88

269
77

1307.8
77

269
61

1305.1
61
270
106

1313.4
106

270
90

1306.7
90

270
62

1307.2
62

270
81

1312.7
81

270
62

1310
62
271
108

1318.3
108

271
96

1311.4
96

271
92

1312.2
92

271
103

1317.5
103

271
48

1314.9
48
272
109

1323.2
109

272
122

1316.1
122

272
104

1317.1
104

272
77

1322.3
77

272
71

1319.8
71
273
110

1328.1
110

273
100

1320.8
100

273
110

1322.1
110

273
94

1327.2
94

273
62

1324.7
62
274
133

1333
133

274
118

1325.5
118

274
84

1327
84

274
112

1332
112

274
70

1329.6
70
275
125

1337.9
125

275
100

1330.1
100

275
93

1332
93

275
97

1336.8
97

275
79

1334.4
79
276
110

1342.8
110

276
122

1334.8
122

276
102

1337
102

276
97

1341.7
97

276
98

1339.3
98
277
99

1347.7
99

277
107

1339.5
107

277
74

1341.9
74

277
90

1346.5
90

277
75

1344.2
75
278
88

1352.5
88

278
103

1344.2
103

278
75

1346.9
75

278
78

1351.3
78

278
62

1349.1
62
279
91

1357.4
91

279
93

1348.8
93

279
81

1351.8
81

279
84

1356.2
84

279
58

1354
58
280
94

1362.3
94

280
77

1353.5
77

280
83

1356.8
83

280
53

1361
53

280
48

1358.9
48
281
85

1367.2
85

281
87

1358.2
87

281
71

1361.7
71

281
68

1365.8
68

281
43

1363.8
43
282
64

1372.1
64

282
86

1362.9
86

282
70

1366.7
70

282
51

1370.7
51

282
39

1368.7
39
283
51

1377
51

283
54

1367.5
54

283
52

1371.6
52

283
62

1375.5
62

283
48

1373.6
48
284
50

1381.9
50

284
49

1372.2
49

284
56

1376.6
56

284
32

1380.3
32

284
29

1378.5
29
285
53

1386.8
53

285
38

1376.9
38

285
45

1381.5
45

285
21

1385.2
21

285
31

1383.4
31
286
40

1391.7
40

286
35

1381.6
35

286
32

1386.5
32

286
29

1390
29

286
31

1388.3
31
287
31

1396.6
31

287
28

1386.2
28

287
27

1391.4
27

287
28

1394.8
28

287
32

1393.2
32
288
25

1401.5
25

288
33

1390.9
33

288
34

1396.4
34

288
26

1399.7
26

288
24

1398
24
289
27

1406.4
27

289
24

1395.6
24

289
27

1401.3
27

289
19

1404.5
19

289
21

1402.9
21
290
19

1411.3
19

290
22

1400.3
22

290
17

1406.3
17

290
25

1409.3
25

290
9

1407.8
9
291
17

1416.1
17

291
15

1405
15

291
15

1411.3
15

291
12

1414.2
12

291
11

1412.7
11
292
8

1421
8

292
12

1409.6
12

292
11

1416.2
11

292
12

1419
12

292
11

1417.6
11
293
12

1425.9
12

293
12

1414.3
12

293
10

1421.2
10

293
7

1423.8
7

293
10

1422.5
10
294
8

1430.8
8

294
12

1419
12

294
14

1426.1
14

294
8

1428.7
8

294
13

1427.4
13
295
7

1435.7
7

295
9

1423.7
9

295
7

1431.1
7

295
6

1433.5
6

295
7

1432.3
7
296
12

1440.6
12

296
8

1428.3
8

296
12

1436
12

296
6

1438.3
6

296
4

1437.2
4
297
4

1445.5
4

297
9

1433
9

297
14

1441
14

297
10

1443.2
10

297
10

1442.1
10
298
5

1450.4
5

298
6

1437.7
6

298
6

1445.9
6

298
10

1448
10

298
10

1447
10
299
10

1455.3
10

299
6

1442.4
6

299
7

1450.9
7

299
9

1452.8
9

299
14

1451.9
14
300
7

1460.2
7

300
2

1447
2

300
5

1455.8
5

300
6

1457.7
6

300
3

1456.8
3
301
4

1465.1
4

301
1

1451.7
1

301
5

1460.8
5

301
11

1462.5
11

301
9

1461.6
9
302
8

1470
8

302
14

1456.4
14

302
8

1465.7
8

302
8

1467.3
8

302
8

1466.5
8
303
7

1474.9
7

303
9

1461.1
9

303
6

1470.7
6

303
6

1472.2
6

303
8

1471.4
8
304
5

1479.7
5

304
15

1465.7
15

304
7

1475.6
7

304
9

1477
9

304
2

1476.3
2
305
5

1484.6
5

305
8

1470.4
8

305
10

1480.6
10

305
8

1481.8
8

305
5

1481.2
5
306
7

1489.5
7

306
4

1475.1
4

306
9

1485.6
9

306
4

1486.7
4

306
6

1486.1
6
307
5

1494.4
5

307
5

1479.8
5

307
4

1490.5
4

307
5

1491.5
5

307
6

1491
6
308
7

1499.3
7

308
4

1484.5
4

308
2

1495.5
2

308
5

1496.3
5

308
3

1495.9
3
309
5

1504.2
5

309
3

1489.1
3

309
5

1500.4
5

309
3

1501.1
3

309
3

1500.8
3
310
9

1509.1
9

310
5

1493.8
5

310
5

1505.4
5

310
3

1506
3

310
7

1505.7
7
311
0

1514
0

311
2

1498.5
2

311
1

1510.3
1

311
4

1510.8
4

311
4

1510.6
4
312
4

1518.9
4

312
3

1503.2
3

312
2

1515.3
2

312
0

1515.6
0

312
2

1515.5
2
313
4

1523.8
4

313
2

1507.8
2

313
2

1520.2
2

313
3

1520.5
3

313
4

1520.4
4
314
4

1528.7
4

314
3

1512.5
3

314
2

1525.2
2

314
3

1525.3
3

314
2

1525.2
2
315
1

1533.6
1

315
6

1517.2
6

315
1

1530.1
1

315
5

1530.1
5

315
6

1530.1
6
316
2

1538.5
2

316
2

1521.9
2

316
3

1535.1
3

316
2

1535
2

316
1

1535
1
317
1

1543.3
1

317
5

1526.5
5

317
2

1540
2

317
1

1539.8
1

317
2

1539.9
2
318
3

1548.2
3

318
3

1531.2
3

318
5

1545
5

318
2

1544.6
2

318
0

1544.8
0
319
0

1553.1
0

319
5

1535.9
5

319
0

1549.9
0

319
3

1549.5
3

319
3

1549.7
3
320
1

1558
1

320
2

1540.6
2

320
3

1554.9
3

320
2

1554.3
2

320
4

1554.6
4
321
4

1562.9
4

321
0

1545.2
0

321
3

1559.9
3

321
1

1559.1
1

321
4

1559.5
4
322
1

1567.8
1

322
6

1549.9
6

322
5

1564.8
5

322
1

1564
1

322
2

1564.4
2
323
1

1572.7
1

323
3

1554.6
3

323
3

1569.8
3

323
1

1568.8
1

323
1

1569.3
1
324
3

1577.6
3

324
4

1559.3
4

324
2

1574.7
2

324
3

1573.6
3

324
2

1574.2
2
325
1

1582.5
1

325
1

1564
1

325
3

1579.7
3

325
4

1578.5
4

325
2

1579.1
2
326
2

1587.4
2

326
5

1568.6
5

326
0

1584.6
0

326
2

1583.3
2

326
1

1584
1
327
2

1592.3
2

327
1

1573.3
1

327
3

1589.6
3

327
1

1588.1
1

327
0

1588.8
0
328
1

1597.2
1

328
3

1578
3

328
2

1594.5
2

328
0

1593
0

328
3

1593.7
3
329
3

1602.1
3

329
3

1582.7
3

329
1

1599.5
1

329
3

1597.8
3

329
0

1598.6
0
330
1

1606.9
1

330
1

1587.3
1

330
1

1604.4
1

330
2

1602.6
2

330
2

1603.5
2
331
1

1611.8
1

331
2

1592
2

331
2

1609.4
2

331
1

1607.5
1

331
1

1608.4
1
332
0

1616.7
0

332
1

1596.7
1

332
1

1614.3
1

332
2

1612.3
2

332
1

1613.3
1
333
1

1621.6
1

333
2

1601.4
2

333
3

1619.3
3

333
0

1617.1
0

333
2

1618.2
2
334
2

1626.5
2

334
0

1606
0

334
0

1624.2
0

334
2

1622
2

334
2

1623.1
2
335
0

1631.4
0

335
2

1610.7
2

335
1

1629.2
1

335
3

1626.8
3

335
1

1628
1
336
2

1636.3
2

336
0

1615.4
0

336
1

1634.1
1

336
2

1631.6
2

336
2

1632.9
2
337
3

1641.2
3

337
3

1620.1
3

337
1

1639.1
1

337
0

1636.5
0

337
0

1637.8
0
338
2

1646.1
2

338
1

1624.7
1

338
5

1644.1
5

338
1

1641.3
1

338
0

1642.7
0
339
3

1651
3

339
3

1629.4
3

339
2

1649
2

339
0

1646.1
0

339
2

1647.6
2
340
1

1655.9
1

340
1

1634.1
1

340
0

1654
0

340
2

1651
2

340
0

1652.4
0
341
3

1660.8
3

341
1

1638.8
1

341
2

1658.9
2

341
3

1655.8
3

341
1

1657.3
1
342
2

1665.7
2

342
2

1643.5
2

342
0

1663.9
0

342
0

1660.6
0

342
3

1662.2
3
343
1

1670.5
1

343
5

1648.1
5

343
4

1668.8
4

343
1

1665.5
1

343
0

1667.1
0
344
1

1675.4
1

344
1

1652.8
1

344
0

1673.8
0

344
0

1670.3
0

344
1

1672
1
345
3

1680.3
3

345
3

1657.5
3

345
1

1678.7
1

345
0

1675.1
0

345
3

1676.9
3
346
2

1685.2
2

346
1

1662.2
1

346
0

1683.7
0

346
1

1680
1

346
1

1681.8
1
347
1

1690.1
1

347
0

1666.8
0

347
1

1688.6
1

347
0

1684.8
0

347
0

1686.7
0
348
1

1695
1

348
0

1671.5
0

348
3

1693.6
3

348
2

1689.6
2

348
0

1691.6
0
349
3

1699.9
3

349
0

1676.2
0

349
1

1698.5
1

349
1

1694.5
1

349
1

1696.5
1
350
1

1704.8
1

350
0

1680.9
0

350
2

1703.5
2

350
1

1699.3
1

350
0

1701.4
0
351
3

1709.7
3

351
4

1685.5
4

351
1

1708.4
1

351
2

1704.1
2

351
1

1706.3
1
352
2

1714.6
2

352
1

1690.2
1

352
3

1713.4
3

352
3

1709
3

352
0

1711.2
0
353
1

1719.5
1

353
0

1694.9
0

353
1

1718.4
1

353
0

1713.8
0

353
1

1716
1
354
2

1724.4
2

354
2

1699.6
2

354
1

1723.3
1

354
0

1718.6
0

354
1

1720.9
1
355
0

1729.3
0

355
1

1704.2
1

355
1

1728.3
1

355
1

1723.5
1

355
3

1725.8
3
356
1

1734.1
1

356
2

1708.9
2

356
1

1733.2
1

356
0

1728.3
0

356
0

1730.7
0
357
1

1739
1

357
3

1713.6
3

357
2

1738.2
2

357
1

1733.1
1

357
0

1735.6
0
358
0

1743.9
0

358
1

1718.3
1

358
2

1743.1
2

358
1

1738
1

358
3

1740.5
3
359
0

1748.8
0

359
3

1723
3

359
1

1748.1
1

359
2

1742.8
2

359
1

1745.4
1
360
2

1753.7
2

360
0

1727.6
0

360
2

1753
2

360
1

1747.6
1

360
1

1750.3
1
361
0

1758.6
0

361
0

1732.3
0

361
1

1758
1

361
2

1752.5
2

361
1

1755.2
1
362
3

1763.5
3

362
2

1737
2

362
0

1762.9
0

362
4

1757.3
4

362
1

1760.1
1
363
2

1768.4
2

363
3

1741.7
3

363
0

1767.9
0

363
0

1762.1
0

363
2

1765
2
364
3

1773.3
3

364
1

1746.3
1

364
3

1772.8
3

364
0

1767
0

364
1

1769.9
1
365
3

1778.2
3

365
1

1751
1

365
0

1777.8
0

365
0

1771.8
0

365
1

1774.8
1
366
1

1783.1
1

366
4

1755.7
4

366
2

1782.7
2

366
0

1776.6
0

366
1

1779.6
1
367
1

1788
1

367
2

1760.4
2

367
0

1787.7
0

367
0

1781.5
0

367
0

1784.5
0
368
5

1792.9
5

368
2

1765
2

368
0

1792.7
0

368
2

1786.3
2

368
0

1789.4
0
369
2

1797.7
2

369
0

1769.7
0

369
0

1797.6
0

369
0

1791.1
0

369
1

1794.3
1
370
1

1802.6
1

370
0

1774.4
0

370
1

1802.6
1

370
0

1796
0

370
3

1799.2
3
371
0

1807.5
0

371
1

1779.1
1

371
2

1807.5
2

371
1

1800.8
1

371
2

1804.1
2
372
3

1812.4
3

372
1

1783.7
1

372
3

1812.5
3

372
0

1805.6
0

372
2

1809
2
373
0

1817.3
0

373
1

1788.4
1

373
0

1817.4
0

373
1

1810.4
1

373
0

1813.9
0
374
2

1822.2
2

374
0

1793.1
0

374
0

1822.4
0

374
0

1815.3
0

374
2

1818.8
2
375
1

1827.1
1

375
2

1797.8
2

375
0

1827.3
0

375
1

1820.1
1

375
1

1823.7
1
376
3

1832
3

376
0

1802.5
0

376
0

1832.3
0

376
2

1824.9
2

376
0

1828.6
0
377
2

1836.9
2

377
1

1807.1
1

377
0

1837.2
0

377
2

1829.8
2

377
0

1833.5
0
378
0

1841.8
0

378
3

1811.8
3

378
2

1842.2
2

378
4

1834.6
4

378
3

1838.4
3
379
3

1846.7
3

379
1

1816.5
1

379
2

1847.1
2

379
0

1839.4
0

379
1

1843.2
1
380
0

1851.6
0

380
2

1821.2
2

380
1

1852.1
1

380
1

1844.3
1

380
4

1848.1
4
381
2

1856.5
2

381
0

1825.8
0

381
0

1857
0

381
2

1849.1
2

381
0

1853
0
382
2

1861.3
2

382
0

1830.5
0

382
1

1862
1

382
1

1853.9
1

382
0

1857.9
0
383
0

1866.2
0

383
2

1835.2
2

383
2

1867
2

383
0

1858.8
0

383
0

1862.8
0
384
1

1871.1
1

384
0

1839.9
0

384
1

1871.9
1

384
2

1863.6
2

384
0

1867.7
0
385
1

1876
1

385
0

1844.5
0

385
0

1876.9
0

385
1

1868.4
1

385
0

1872.6
0
386
2

1880.9
2

386
0

1849.2
0

386
2

1881.8
2

386
2

1873.3
2

386
0

1877.5
0
387
2

1885.8
2

387
3

1853.9
3

387
3

1886.8
3

387
1

1878.1
1

387
0

1882.4
0
388
1

1890.7
1

388
1

1858.6
1

388
1

1891.7
1

388
1

1882.9
1

388
1

1887.3
1
389
1

1895.6
1

389
2

1863.2
2

389
1

1896.7
1

389
3

1887.8
3

389
0

1892.2
0
390
2

1900.5
2

390
1

1867.9
1

390
0

1901.6
0

390
0

1892.6
0

390
1

1897.1
1
391
0

1905.4
0

391
0

1872.6
0

391
2

1906.6
2

391
2

1897.4
2

391
2

1902
2
392
1

1910.3
1

392
3

1877.3
3

392
0

1911.5
0

392
1

1902.3
1

392
1

1906.8
1
393
0

1915.2
0

393
0

1882
0

393
1

1916.5
1

393
1

1907.1
1

393
0

1911.7
0
394
0

1920.1
0

394
0

1886.6
0

394
0

1921.4
0

394
3

1911.9
3

394
1

1916.6
1
395
2

1924.9
2

395
2

1891.3
2

395
0

1926.4
0

395
1

1916.8
1

395
0

1921.5
0
396
0

1929.8
0

396
0

1896
0

396
0

1931.3
0

396
2

1921.6
2

396
0

1926.4
0
397
2

1934.7
2

397
1

1900.7
1

397
0

1936.3
0

397
0

1926.4
0

397
3

1931.3
3
398
0

1939.6
0

398
0

1905.3
0

398
2

1941.3
2

398
1

1931.3
1

398
0

1936.2
0
399
2

1944.5
2

399
2

1910
2

399
1

1946.2
1

399
0

1936.1
0

399
0

1941.1
0
400
0

1949.4
0

400
0

1914.7
0

400
3

1951.2
3

400
0

1940.9
0

400
0

1946
0
401
0

1954.3
0

401
1

1919.4
1

401
0

1956.1
0

401
0

1945.8
0

401
1

1950.9
1
402
0

1959.2
0

402
3

1924
3

402
1

1961.1
1

402
0

1950.6
0

402
0

1955.8
0
403
1

1964.1
1

403
1

1928.7
1

403
0

1966
0

403
0

1955.4
0

403
0

1960.7
0
404
1

1969
1

404
3

1933.4
3

404
1

1971
1

404
0

1960.3
0

404
1

1965.6
1
405
0

1973.9
0

405
0

1938.1
0

405
1

1975.9
1

405
0

1965.1
0

405
0

1970.4
0
406
0

1978.8
0

406
1

1942.7
1

406
1

1980.9
1

406
1

1969.9
1

406
0

1975.3
0
407
1

1983.7
1

407
0

1947.4
0

407
0

1985.8
0

407
1

1974.8
1

407
0

1980.2
0
408
1

1988.5
1

408
1

1952.1
1

408
0

1990.8
0

408
1

1979.6
1

408
0

1985.1
0
409
1

1993.4
1

409
1

1956.8
1

409
1

1995.7
1

409
1

1984.4
1

409
0

1990
0
410
1

1998.3
1

410
0

1961.5
0

410
1

2000.7
1

410
1

1989.3
1

410
0

1994.9
0
411
1

2003.2
1

411
3

1966.1
3

411
0

2005.6
0

411
0

1994.1
0

411
1

1999.8
1
412
0

2008.1
0

412
1

1970.8
1

412
0

2010.6
0

412
1

1998.9
1

412
0

2004.7
0
413
0

2013
0

413
0

1975.5
0

413
1

2015.6
1

413
3

2003.8
3

413
0

2009.6
0
414
0

2017.9
0

414
1

1980.2
1

414
0

2020.5
0

414
1

2008.6
1

414
2

2014.5
2
415
0

2022.8
0

415
0

1984.8
0

415
0

2025.5
0

415
2

2013.4
2

415
0

2019.4
0
416
1

2027.7
1

416
2

1989.5
2

416
2

2030.4
2

416
1

2018.3
1

416
0

2024.3
0
417
2

2032.6
2

417
0

1994.2
0

417
1

2035.4
1

417
0

2023.1
0

417
0

2029.2
0
418
0

2037.5
0

418
1

1998.9
1

418
2

2040.3
2

418
0

2027.9
0

418
2

2034
2
419
2

2042.4
2

419
0

2003.5
0

419
2

2045.3
2

419
1

2032.8
1

419
0

2038.9
0
420
0

2047.3
0

420
0

2008.2
0

420
2

2050.2
2

420
0

2037.6
0

420
2

2043.8
2
421
2

2052.1
2

421
1

2012.9
1

421
1

2055.2
1

421
1

2042.4
1

421
1

2048.7
1
422
1

2057
1

422
1

2017.6
1

422
0

2060.1
0

422
0

2047.3
0

422
0

2053.6
0
423
1

2061.9
1

423
0

2022.2
0

423
2

2065.1
2

423
2

2052.1
2

423
1

2058.5
1
424
2

2066.8
2

424
2

2026.9
2

424
2

2070
2

424
2

2056.9
2

424
1

2063.4
1
425
0

2071.7
0

425
1

2031.6
1

425
0

2075
0

425
2

2061.8
2

425
0

2068.3
0
426
1

2076.6
1

426
1

2036.3
1

426
2

2079.9
2

426
0

2066.6
0

426
0

2073.2
0
427
0

2081.5
0

427
2

2041
2

427
1

2084.9
1

427
0

2071.4
0

427
3

2078.1
3
428
0

2086.4
0

428
1

2045.6
1

428
3

2089.9
3

428
2

2076.3
2

428
0

2083
0
429
2

2091.3
2

429
1

2050.3
1

429
0

2094.8
0

429
0

2081.1
0

429
1

2087.9
1
430
2

2096.2
2

430
0

2055
0

430
1

2099.8
1

430
2

2085.9
2

430
1

2092.8
1
431
3

2101.1
3

431
1

2059.7
1

431
0

2104.7
0

431
0

2090.8
0

431
2

2097.6
2
432
0

2106
0

432
1

2064.3
1

432
0

2109.7
0

432
0

2095.6
0

432
0

2102.5
0
433
0

2110.9
0

433
1

2069
1

433
0

2114.6
0

433
1

2100.4
1

433
2

2107.4
2
434
1

2115.7
1

434
0

2073.7
0

434
1

2119.6
1

434
0

2105.3
0

434
0

2112.3
0
435
0

2120.6
0

435
0

2078.4
0

435
1

2124.5
1

435
1

2110.1
1

435
1

2117.2
1
436
0

2125.5
0

436
0

2083
0

436
0

2129.5
0

436
1

2114.9
1

436
0

2122.1
0
437
1

2130.4
1

437
1

2087.7
1

437
1

2134.4
1

437
3

2119.8
3

437
2

2127
2
438
2

2135.3
2

438
0

2092.4
0

438
1

2139.4
1

438
1

2124.6
1

438
2

2131.9
2
439
0

2140.2
0

439
1

2097.1
1

439
1

2144.3
1

439
0

2129.4
0

439
1

2136.8
1
440
1

2145.1
1

440
0

2101.7
0

440
0

2149.3
0

440
2

2134.2
2

440
0

2141.7
0
441
2

2150
2

441
1

2106.4
1

441
0

2154.2
0

441
0

2139.1
0

441
0

2146.6
0
442
0

2154.9
0

442
0

2111.1
0

442
2

2159.2
2

442
0

2143.9
0

442
1

2151.5
1
443
0

2159.8
0

443
1

2115.8
1

443
1

2164.1
1

443
1

2148.7
1

443
0

2156.4
0
444
1

2164.7
1

444
1

2120.5
1

444
1

2169.1
1

444
2

2153.6
2

444
1

2161.2
1
445
2

2169.6
2

445
0

2125.1
0

445
2

2174.1
2

445
0

2158.4
0

445
2

2166.1
2
446
2

2174.5
2

446
1

2129.8
1

446
2

2179
2

446
2

2163.2
2

446
1

2171
1
447
0

2179.3
0

447
0

2134.5
0

447
1

2184
1

447
0

2168.1
0

447
2

2175.9
2
448
0

2184.2
0

448
0

2139.2
0

448
2

2188.9
2

448
0

2172.9
0

448
1

2180.8
1
449
1

2189.1
1

449
0

2143.8
0

449
0

2193.9
0

449
0

2177.7
0

449
2

2185.7
2
450
0

2194
0

450
0

2148.5
0

450
1

2198.8
1

450
1

2182.6
1

450
1

2190.6
1
451
0

2198.9
0

451
2

2153.2
2

451
0

2203.8
0

451
1

2187.4
1

451
2

2195.5
2
452
1

2203.8
1

452
2

2157.9
2

452
0

2208.7
0

452
0

2192.2
0

452
0

2200.4
0
453
0

2208.7
0

453
2

2162.5
2

453
0

2213.7
0

453
0

2197.1
0

453
0

2205.3
0
454
0

2213.6
0

454
0

2167.2
0

454
1

2218.6
1

454
1

2201.9
1

454
0

2210.2
0
455
1

2218.5
1

455
3

2171.9
3

455
1

2223.6
1

455
2

2206.7
2

455
1

2215.1
1
456
2

2223.4
2

456
0

2176.6
0

456
0

2228.5
0

456
1

2211.6
1

456
1

2220
1
457
1

2228.3
1

457
1

2181.2
1

457
3

2233.5
3

457
1

2216.4
1

457
3

2224.8
3
458
0

2233.2
0

458
0

2185.9
0

458
1

2238.4
1

458
3

2221.2
3

458
0

2229.7
0
459
0

2238.1
0

459
1

2190.6
1

459
0

2243.4
0

459
2

2226.1
2

459
1

2234.6
1
460
0

2242.9
0

460
2

2195.3
2

460
1

2248.4
1

460
1

2230.9
1

460
1

2239.5
1
461
2

2247.8
2

461
1

2200
1

461
0

2253.3
0

461
0

2235.7
0

461
0

2244.4
0
462
1

2252.7
1

462
3

2204.6
3

462
0

2258.3
0

462
0

2240.6
0

462
0

2249.3
0
463
0

2257.6
0

463
0

2209.3
0

463
1

2263.2
1

463
1

2245.4
1

463
0

2254.2
0
464
2

2262.5
2

464
0

2214
0

464
0

2268.2
0

464
1

2250.2
1

464
1

2259.1
1
465
0

2267.4
0

465
0

2218.7
0

465
1

2273.1
1

465
1

2255.1
1

465
0

2264
0
466
0

2272.3
0

466
1

2223.3
1

466
1

2278.1
1

466
1

2259.9
1

466
1

2268.9
1
467
0

2277.2
0

467
3

2228
3

467
3

2283
3

467
0

2264.7
0

467
0

2273.8
0
468
2

2282.1
2

468
0

2232.7
0

468
0

2288
0

468
1

2269.6
1

468
0

2278.7
0
469
1

2287
1

469
0

2237.4
0

469
0

2292.9
0

469
1

2274.4
1

469
1

2283.6
1
470
0

2291.9
0

470
0

2242
0

470
2

2297.9
2

470
0

2279.2
0

470
1

2288.4
1
471
1

2296.8
1

471
2

2246.7
2

471
1

2302.8
1

471
0

2284.1
0

471
2

2293.3
2
472
0

2301.7
0

472
0

2251.4
0

472
1

2307.8
1

472
0

2288.9
0

472
1

2298.2
1
473
1

2306.5
1

473
2

2256.1
2

473
0

2312.7
0

473
0

2293.7
0

473
0

2303.1
0
474
1

2311.4
1

474
1

2260.7
1

474
0

2317.7
0

474
1

2298.6
1

474
0

2308
0
475
0

2316.3
0

475
0

2265.4
0

475
0

2322.7
0

475
0

2303.4
0

475
0

2312.9
0
476
0

2321.2
0

476
0

2270.1
0

476
0

2327.6
0

476
0

2308.2
0

476
1

2317.8
1
477
1

2326.1
1

477
1

2274.8
1

477
0

2332.6
0

477
1

2313.1
1

477
0

2322.7
0
478
0

2331
0

478
2

2279.5
2

478
0

2337.5
0

478
1

2317.9
1

478
0

2327.6
0
479
0

2335.9
0

479
2

2284.1
2

479
1

2342.5
1

479
1

2322.7
1

479
1

2332.5
1
480
3

2340.8
3

480
1

2288.8
1

480
1

2347.4
1

480
1

2327.6
1

480
0

2337.4
0
481
0

2345.7
0

481
0

2293.5
0

481
0

2352.4
0

481
1

2332.4
1

481
0

2342.3
0
482
1

2350.6
1

482
1

2298.2
1

482
0

2357.3
0

482
1

2337.2
1

482
0

2347.2
0
483
0

2355.5
0

483
0

2302.8
0

483
2

2362.3
2

483
0

2342.1
0

483
0

2352
0
484
1

2360.4
1

484
3

2307.5
3

484
0

2367.2
0

484
0

2346.9
0

484
0

2356.9
0
485
1

2365.3
1

485
1

2312.2
1

485
0

2372.2
0

485
0

2351.7
0

485
0

2361.8
0
486
1

2370.1
1

486
0

2316.9
0

486
0

2377.1
0

486
0

2356.6
0

486
0

2366.7
0
487
1

2375
1

487
0

2321.5
0

487
0

2382.1
0

487
0

2361.4
0

487
0

2371.6
0
488
0

2379.9
0

488
0

2326.2
0

488
0

2387
0

488
0

2366.2
0

488
0

2376.5
0
489
0

2384.8
0

489
0

2330.9
0

489
0

2392
0

489
1

2371.1
1

489
1

2381.4
1
490
0

2389.7
0

490
0

2335.6
0

490
0

2397
0

490
0

2375.9
0

490
0

2386.3
0
491
0

2394.6
0

491
0

2340.2
0

491
1

2401.9
1

491
1

2380.7
1

491
1

2391.2
1
492
1

2399.5
1

492
0

2344.9
0

492
0

2406.9
0

492
0

2385.6
0

492
0

2396.1
0
493
0

2404.4
0

493
0

2349.6
0

493
0

2411.8
0

493
1

2390.4
1

493
0

2401
0
494
2

2409.3
2

494
0

2354.3
0

494
0

2416.8
0

494
0

2395.2
0

494
0

2405.9
0
495
1

2414.2
1

495
0

2359
0

495
0

2421.7
0

495
0

2400.1
0

495
1

2410.8
1
496
0

2419.1
0

496
0

2363.6
0

496
0

2426.7
0

496
0

2404.9
0

496
0

2415.6
0
497
1

2424
1

497
0

2368.3
0

497
1

2431.6
1

497
0

2409.7
0

497
1

2420.5
1
498
4

2428.9
4

498
1

2373
1

498
0

2436.6
0

498
0

2414.6
0

498
0

2425.4
0
499
0

2433.7
0

499
0

2377.7
0

499
1

2441.5
1

499
0

2419.4
0

499
0

2430.3
0
500
2

2438.6
2

500
0

2382.3
0

500
0

2446.5
0

500
0

2424.2
0

500
0

2435.2
0
501
0

2443.5
0

501
0

2387
0

501
0

2451.4
0

501
0

2429.1
0

501
0

2440.1
0
502
0

2448.4
0

502
0

2391.7
0

502
1

2456.4
1

502
0

2433.9
0

502
0

2445
0
503
0

2453.3
0

503
0

2396.4
0

503
0

2461.3
0

503
0

2438.7
0

503
0

2449.9
0
504
0

2458.2
0

504
0

2401
0

504
0

2466.3
0

504
0

2443.6
0

504
0

2454.8
0
505
0

2463.1
0

505
0

2405.7
0

505
0

2471.3
0

505
1

2448.4
1

505
1

2459.7
1
506
0

2468
0

506
1

2410.4
1

506
0

2476.2
0

506
0

2453.2
0

506
0

2464.6
0
507
0

2472.9
0

507
0

2415.1
0

507
1

2481.2
1

507
0

2458
0

507
0

2469.5
0
508
0

2477.8
0

508
0

2419.7
0

508
0

2486.1
0

508
0

2462.9
0

508
0

2474.4
0
509
0

2482.7
0

509
3

2424.4
3

509
0

2491.1
0

509
0

2467.7
0

509
1

2479.2
1
510
0

2487.6
0

510
0

2429.1
0

510
0

2496
0

510
0

2472.5
0

510
0

2484.1
0
511
12

2492.5
12

511
10

2433.8
10

511
8

2501
8

511
12

2477.4
12

511
12

2489
12

